run:
1) Training Dataset
2) Sniffer Testing
3) Pcap Testing
Type(1 or 2 or 3): ?
1
Training Dataset...
Dataset directory : /home/agus/KULIAH/TA-AJK/DARPA/
Total dataset : 1 file
Processing dataset ke-1 /home/agus/KULIAH/TA-AJK/DARPA/dump.pcap
Total Packet : 26 packet
Total TCP Connection : 6 connections
Total UDP Connection : 8 connections
Total time of processing dateset : 0 hour 0 minutes 0 seconds
Create Model Data Training...
Total time of training dataset : 0 hour 0 minutes 0 seconds
1) Training Dataset
2) Sniffer Testing
3) Pcap Testing
Type(1 or 2 or 3): ?
3
Pcap Testing...
Data testing directory : /home/agus/KULIAH/TA-AJK/DARPA/
Processing data testing ke-1 /home/agus/KULIAH/TA-AJK/DARPA/dump.pcap
Total Paket Testing : 14 connections
Threshold : 21-128.0,  23-128.0,  25-128.0,  80-128.0,  53-128.0,  143-128.0,  513-128.0
Smoothing Factor : 0.001
Calculating Mahalanobis Distance...
old sum [0.0, 0.0, 0.0, 0.0, 0.0, 0.0, 0.0, 0.0, 0.0, 0.0, 88.0, 0.0, 0.0, 88.0, 0.0, 0.0, 0.0, 0.0, 0.0, 0.0, 0.0, 0.0, 0.0, 0.0, 0.0, 0.0, 0.0, 0.0, 0.0, 0.0, 0.0, 0.0, 210.0, 0.0, 0.0, 0.0, 0.0, 0.0, 39.0, 0.0, 16.0, 16.0, 24.0, 5.0, 51.0, 137.0, 143.0, 90.0, 136.0, 167.0, 140.0, 117.0, 95.0, 155.0, 78.0, 84.0, 146.0, 89.0, 112.0, 77.0, 0.0, 160.0, 0.0, 9.0, 0.0, 186.0, 26.0, 128.0, 104.0, 68.0, 21.0, 45.0, 88.0, 99.0, 60.0, 51.0, 54.0, 59.0, 57.0, 51.0, 72.0, 45.0, 47.0, 125.0, 74.0, 98.0, 56.0, 54.0, 27.0, 13.0, 33.0, 0.0, 0.0, 0.0, 0.0, 69.0, 0.0, 158.0, 61.0, 202.0, 60.0, 348.0, 119.0, 114.0, 82.0, 169.0, 78.0, 85.0, 144.0, 56.0, 172.0, 209.0, 123.0, 86.0, 120.0, 110.0, 183.0, 40.0, 73.0, 134.0, 71.0, 47.0, 72.0, 0.0, 0.0, 0.0, 0.0, 0.0, 0.0, 0.0, 0.0, 0.0, 0.0, 0.0, 0.0, 0.0, 0.0, 0.0, 0.0, 0.0, 0.0, 0.0, 0.0, 0.0, 0.0, 0.0, 0.0, 0.0, 0.0, 0.0, 0.0, 0.0, 0.0, 0.0, 0.0, 0.0, 0.0, 0.0, 0.0, 0.0, 0.0, 0.0, 0.0, 0.0, 0.0, 0.0, 0.0, 0.0, 0.0, 0.0, 0.0, 0.0, 0.0, 0.0, 0.0, 0.0, 0.0, 0.0, 0.0, 0.0, 0.0, 0.0, 0.0, 0.0, 0.0, 0.0, 0.0, 0.0, 0.0, 0.0, 0.0, 0.0, 0.0, 0.0, 0.0, 0.0, 0.0, 0.0, 0.0, 0.0, 0.0, 0.0, 0.0, 0.0, 0.0, 0.0, 0.0, 0.0, 0.0, 0.0, 0.0, 0.0, 0.0, 0.0, 0.0, 0.0, 0.0, 0.0, 0.0, 0.0, 0.0, 0.0, 0.0, 0.0, 0.0, 0.0, 0.0, 0.0, 0.0, 0.0, 0.0, 0.0, 0.0, 0.0, 0.0, 0.0, 0.0, 0.0, 0.0, 0.0, 0.0, 0.0, 0.0, 0.0, 0.0, 0.0, 0.0, 0.0, 0.0, 0.0, 0.0, 0.0, 0.0, 0.0, 0.0, 0.0]
new sum [0.0, 0.0, 0.0, 0.0, 0.0, 0.0, 0.0, 0.0, 0.0, 0.0, 110.0, 0.0, 0.0, 110.0, 0.0, 0.0, 0.0, 0.0, 0.0, 0.0, 0.0, 0.0, 0.0, 0.0, 0.0, 0.0, 0.0, 0.0, 0.0, 0.0, 0.0, 0.0, 262.0, 0.0, 0.0, 0.0, 0.0, 0.0, 43.0, 0.0, 20.0, 20.0, 30.0, 5.0, 61.0, 171.0, 177.0, 112.0, 168.0, 207.0, 171.0, 145.0, 117.0, 193.0, 96.0, 105.0, 180.0, 109.0, 140.0, 95.0, 0.0, 192.0, 0.0, 11.0, 0.0, 230.0, 32.0, 160.0, 130.0, 84.0, 25.0, 53.0, 110.0, 123.0, 74.0, 63.0, 68.0, 73.0, 71.0, 63.0, 90.0, 55.0, 59.0, 155.0, 92.0, 122.0, 70.0, 66.0, 33.0, 15.0, 41.0, 0.0, 0.0, 0.0, 0.0, 85.0, 0.0, 191.0, 75.0, 252.0, 74.0, 429.0, 147.0, 140.0, 99.0, 209.0, 98.0, 105.0, 178.0, 68.0, 212.0, 257.0, 153.0, 104.0, 143.0, 135.0, 225.0, 48.0, 91.0, 166.0, 87.0, 59.0, 90.0, 0.0, 0.0, 0.0, 0.0, 0.0, 0.0, 0.0, 0.0, 0.0, 0.0, 0.0, 0.0, 0.0, 0.0, 0.0, 0.0, 0.0, 0.0, 0.0, 0.0, 0.0, 0.0, 0.0, 0.0, 0.0, 0.0, 0.0, 0.0, 0.0, 0.0, 0.0, 0.0, 0.0, 0.0, 0.0, 0.0, 0.0, 0.0, 0.0, 0.0, 0.0, 0.0, 0.0, 0.0, 0.0, 0.0, 0.0, 0.0, 0.0, 0.0, 0.0, 0.0, 0.0, 0.0, 0.0, 0.0, 0.0, 0.0, 0.0, 0.0, 0.0, 0.0, 0.0, 0.0, 0.0, 0.0, 0.0, 0.0, 0.0, 0.0, 0.0, 0.0, 0.0, 0.0, 0.0, 0.0, 0.0, 0.0, 0.0, 0.0, 0.0, 0.0, 0.0, 0.0, 0.0, 0.0, 0.0, 0.0, 0.0, 0.0, 0.0, 0.0, 0.0, 0.0, 0.0, 0.0, 0.0, 0.0, 0.0, 0.0, 0.0, 0.0, 0.0, 0.0, 0.0, 0.0, 0.0, 0.0, 0.0, 0.0, 0.0, 0.0, 0.0, 0.0, 0.0, 0.0, 0.0, 0.0, 0.0, 0.0, 0.0, 0.0, 0.0, 0.0, 0.0, 0.0, 0.0, 0.0, 0.0, 0.0, 0.0, 0.0, 0.0]
old kuadrat [0.0, 0.0, 0.0, 0.0, 0.0, 0.0, 0.0, 0.0, 0.0, 0.0, 2178.0, 0.0, 0.0, 2178.0, 0.0, 0.0, 0.0, 0.0, 0.0, 0.0, 0.0, 0.0, 0.0, 0.0, 0.0, 0.0, 0.0, 0.0, 0.0, 0.0, 0.0, 0.0, 12326.0, 0.0, 0.0, 0.0, 0.0, 0.0, 513.0, 0.0, 72.0, 72.0, 162.0, 11.0, 791.0, 5271.0, 5681.0, 2254.0, 5118.0, 7709.0, 5326.0, 3765.0, 2503.0, 6693.0, 1658.0, 1946.0, 5882.0, 2211.0, 3528.0, 1637.0, 0.0, 7066.0, 0.0, 23.0, 0.0, 9380.0, 178.0, 4578.0, 2982.0, 1242.0, 125.0, 549.0, 2178.0, 2693.0, 962.0, 713.0, 830.0, 943.0, 887.0, 701.0, 1458.0, 533.0, 625.0, 4301.0, 1514.0, 2612.0, 882.0, 788.0, 189.0, 45.0, 305.0, 0.0, 0.0, 0.0, 0.0, 1345.0, 0.0, 6946.0, 1033.0, 11510.0, 974.0, 33806.0, 3883.0, 3574.0, 1842.0, 7893.0, 1710.0, 2029.0, 5762.0, 838.0, 8344.0, 12139.0, 4257.0, 2038.0, 3978.0, 3404.0, 9455.0, 454.0, 1453.0, 4986.0, 1397.0, 617.0, 1442.0, 0.0, 0.0, 0.0, 0.0, 0.0, 0.0, 0.0, 0.0, 0.0, 0.0, 0.0, 0.0, 0.0, 0.0, 0.0, 0.0, 0.0, 0.0, 0.0, 0.0, 0.0, 0.0, 0.0, 0.0, 0.0, 0.0, 0.0, 0.0, 0.0, 0.0, 0.0, 0.0, 0.0, 0.0, 0.0, 0.0, 0.0, 0.0, 0.0, 0.0, 0.0, 0.0, 0.0, 0.0, 0.0, 0.0, 0.0, 0.0, 0.0, 0.0, 0.0, 0.0, 0.0, 0.0, 0.0, 0.0, 0.0, 0.0, 0.0, 0.0, 0.0, 0.0, 0.0, 0.0, 0.0, 0.0, 0.0, 0.0, 0.0, 0.0, 0.0, 0.0, 0.0, 0.0, 0.0, 0.0, 0.0, 0.0, 0.0, 0.0, 0.0, 0.0, 0.0, 0.0, 0.0, 0.0, 0.0, 0.0, 0.0, 0.0, 0.0, 0.0, 0.0, 0.0, 0.0, 0.0, 0.0, 0.0, 0.0, 0.0, 0.0, 0.0, 0.0, 0.0, 0.0, 0.0, 0.0, 0.0, 0.0, 0.0, 0.0, 0.0, 0.0, 0.0, 0.0, 0.0, 0.0, 0.0, 0.0, 0.0, 0.0, 0.0, 0.0, 0.0, 0.0, 0.0, 0.0, 0.0, 0.0, 0.0, 0.0, 0.0, 0.0]
new kuadrat [0.0, 0.0, 0.0, 0.0, 0.0, 0.0, 0.0, 0.0, 0.0, 0.0, 2662.0, 0.0, 0.0, 2662.0, 0.0, 0.0, 0.0, 0.0, 0.0, 0.0, 0.0, 0.0, 0.0, 0.0, 0.0, 0.0, 0.0, 0.0, 0.0, 0.0, 0.0, 0.0, 15030.0, 0.0, 0.0, 0.0, 0.0, 0.0, 529.0, 0.0, 88.0, 88.0, 198.0, 11.0, 891.0, 6427.0, 6837.0, 2738.0, 6142.0, 9309.0, 6287.0, 4549.0, 2987.0, 8137.0, 1982.0, 2387.0, 7038.0, 2611.0, 4312.0, 1961.0, 0.0, 8090.0, 0.0, 27.0, 0.0, 11316.0, 214.0, 5602.0, 3658.0, 1498.0, 141.0, 613.0, 2662.0, 3269.0, 1158.0, 857.0, 1026.0, 1139.0, 1083.0, 845.0, 1782.0, 633.0, 769.0, 5201.0, 1838.0, 3188.0, 1078.0, 932.0, 225.0, 49.0, 369.0, 0.0, 0.0, 0.0, 0.0, 1601.0, 0.0, 8035.0, 1229.0, 14010.0, 1170.0, 40367.0, 4667.0, 4250.0, 2131.0, 9493.0, 2110.0, 2429.0, 6918.0, 982.0, 9944.0, 14443.0, 5157.0, 2362.0, 4507.0, 4029.0, 11219.0, 518.0, 1777.0, 6010.0, 1653.0, 761.0, 1766.0, 0.0, 0.0, 0.0, 0.0, 0.0, 0.0, 0.0, 0.0, 0.0, 0.0, 0.0, 0.0, 0.0, 0.0, 0.0, 0.0, 0.0, 0.0, 0.0, 0.0, 0.0, 0.0, 0.0, 0.0, 0.0, 0.0, 0.0, 0.0, 0.0, 0.0, 0.0, 0.0, 0.0, 0.0, 0.0, 0.0, 0.0, 0.0, 0.0, 0.0, 0.0, 0.0, 0.0, 0.0, 0.0, 0.0, 0.0, 0.0, 0.0, 0.0, 0.0, 0.0, 0.0, 0.0, 0.0, 0.0, 0.0, 0.0, 0.0, 0.0, 0.0, 0.0, 0.0, 0.0, 0.0, 0.0, 0.0, 0.0, 0.0, 0.0, 0.0, 0.0, 0.0, 0.0, 0.0, 0.0, 0.0, 0.0, 0.0, 0.0, 0.0, 0.0, 0.0, 0.0, 0.0, 0.0, 0.0, 0.0, 0.0, 0.0, 0.0, 0.0, 0.0, 0.0, 0.0, 0.0, 0.0, 0.0, 0.0, 0.0, 0.0, 0.0, 0.0, 0.0, 0.0, 0.0, 0.0, 0.0, 0.0, 0.0, 0.0, 0.0, 0.0, 0.0, 0.0, 0.0, 0.0, 0.0, 0.0, 0.0, 0.0, 0.0, 0.0, 0.0, 0.0, 0.0, 0.0, 0.0, 0.0, 0.0, 0.0, 0.0, 0.0]
old mean [0.0, 0.0, 0.0, 0.0, 0.0, 0.0, 0.0, 0.0, 0.0, 0.0, 22.0, 0.0, 0.0, 22.0, 0.0, 0.0, 0.0, 0.0, 0.0, 0.0, 0.0, 0.0, 0.0, 0.0, 0.0, 0.0, 0.0, 0.0, 0.0, 0.0, 0.0, 0.0, 52.5, 0.0, 0.0, 0.0, 0.0, 0.0, 9.75, 0.0, 4.0, 4.0, 6.0, 1.25, 12.75, 34.25, 35.75, 22.5, 34.0, 41.75, 35.0, 29.25, 23.75, 38.75, 19.5, 21.0, 36.5, 22.25, 28.0, 19.25, 0.0, 40.0, 0.0, 2.25, 0.0, 46.5, 6.5, 32.0, 26.0, 17.0, 5.25, 11.25, 22.0, 24.75, 15.0, 12.75, 13.5, 14.75, 14.25, 12.75, 18.0, 11.25, 11.75, 31.25, 18.5, 24.5, 14.0, 13.5, 6.75, 3.25, 8.25, 0.0, 0.0, 0.0, 0.0, 17.25, 0.0, 39.5, 15.25, 50.5, 15.0, 87.0, 29.75, 28.5, 20.5, 42.25, 19.5, 21.25, 36.0, 14.0, 43.0, 52.25, 30.75, 21.5, 30.0, 27.5, 45.75, 10.0, 18.25, 33.5, 17.75, 11.75, 18.0, 0.0, 0.0, 0.0, 0.0, 0.0, 0.0, 0.0, 0.0, 0.0, 0.0, 0.0, 0.0, 0.0, 0.0, 0.0, 0.0, 0.0, 0.0, 0.0, 0.0, 0.0, 0.0, 0.0, 0.0, 0.0, 0.0, 0.0, 0.0, 0.0, 0.0, 0.0, 0.0, 0.0, 0.0, 0.0, 0.0, 0.0, 0.0, 0.0, 0.0, 0.0, 0.0, 0.0, 0.0, 0.0, 0.0, 0.0, 0.0, 0.0, 0.0, 0.0, 0.0, 0.0, 0.0, 0.0, 0.0, 0.0, 0.0, 0.0, 0.0, 0.0, 0.0, 0.0, 0.0, 0.0, 0.0, 0.0, 0.0, 0.0, 0.0, 0.0, 0.0, 0.0, 0.0, 0.0, 0.0, 0.0, 0.0, 0.0, 0.0, 0.0, 0.0, 0.0, 0.0, 0.0, 0.0, 0.0, 0.0, 0.0, 0.0, 0.0, 0.0, 0.0, 0.0, 0.0, 0.0, 0.0, 0.0, 0.0, 0.0, 0.0, 0.0, 0.0, 0.0, 0.0, 0.0, 0.0, 0.0, 0.0, 0.0, 0.0, 0.0, 0.0, 0.0, 0.0, 0.0, 0.0, 0.0, 0.0, 0.0, 0.0, 0.0, 0.0, 0.0, 0.0, 0.0, 0.0, 0.0, 0.0, 0.0, 0.0, 0.0, 0.0]
new mean[0.0, 0.0, 0.0, 0.0, 0.0, 0.0, 0.0, 0.0, 0.0, 0.0, 22.0, 0.0, 0.0, 22.0, 0.0, 0.0, 0.0, 0.0, 0.0, 0.0, 0.0, 0.0, 0.0, 0.0, 0.0, 0.0, 0.0, 0.0, 0.0, 0.0, 0.0, 0.0, 52.4, 0.0, 0.0, 0.0, 0.0, 0.0, 8.6, 0.0, 4.0, 4.0, 6.0, 1.0, 12.2, 34.2, 35.4, 22.4, 33.6, 41.4, 34.2, 29.0, 23.4, 38.6, 19.2, 21.0, 36.0, 21.8, 28.0, 19.0, 0.0, 38.4, 0.0, 2.2, 0.0, 46.0, 6.4, 32.0, 26.0, 16.8, 5.0, 10.6, 22.0, 24.6, 14.8, 12.6, 13.6, 14.6, 14.2, 12.6, 18.0, 11.0, 11.8, 31.0, 18.4, 24.4, 14.0, 13.2, 6.6, 3.0, 8.2, 0.0, 0.0, 0.0, 0.0, 17.0, 0.0, 38.2, 15.0, 50.4, 14.8, 85.8, 29.4, 28.0, 19.8, 41.8, 19.6, 21.0, 35.6, 13.6, 42.4, 51.4, 30.6, 20.8, 28.6, 27.0, 45.0, 9.6, 18.2, 33.2, 17.4, 11.8, 18.0, 0.0, 0.0, 0.0, 0.0, 0.0, 0.0, 0.0, 0.0, 0.0, 0.0, 0.0, 0.0, 0.0, 0.0, 0.0, 0.0, 0.0, 0.0, 0.0, 0.0, 0.0, 0.0, 0.0, 0.0, 0.0, 0.0, 0.0, 0.0, 0.0, 0.0, 0.0, 0.0, 0.0, 0.0, 0.0, 0.0, 0.0, 0.0, 0.0, 0.0, 0.0, 0.0, 0.0, 0.0, 0.0, 0.0, 0.0, 0.0, 0.0, 0.0, 0.0, 0.0, 0.0, 0.0, 0.0, 0.0, 0.0, 0.0, 0.0, 0.0, 0.0, 0.0, 0.0, 0.0, 0.0, 0.0, 0.0, 0.0, 0.0, 0.0, 0.0, 0.0, 0.0, 0.0, 0.0, 0.0, 0.0, 0.0, 0.0, 0.0, 0.0, 0.0, 0.0, 0.0, 0.0, 0.0, 0.0, 0.0, 0.0, 0.0, 0.0, 0.0, 0.0, 0.0, 0.0, 0.0, 0.0, 0.0, 0.0, 0.0, 0.0, 0.0, 0.0, 0.0, 0.0, 0.0, 0.0, 0.0, 0.0, 0.0, 0.0, 0.0, 0.0, 0.0, 0.0, 0.0, 0.0, 0.0, 0.0, 0.0, 0.0, 0.0, 0.0, 0.0, 0.0, 0.0, 0.0, 0.0, 0.0, 0.0, 0.0, 0.0, 0.0]
old deviasi[0.0, 0.0, 0.0, 0.0, 0.0, 0.0, 0.0, 0.0, 0.0, 0.0, 8.981462390204987, 0.0, 0.0, 8.981462390204987, 0.0, 0.0, 0.0, 0.0, 0.0, 0.0, 0.0, 0.0, 0.0, 0.0, 0.0, 0.0, 0.0, 0.0, 0.0, 0.0, 0.0, 0.0, 20.8246648632497, 0.0, 0.0, 0.0, 0.0, 0.0, 6.652067347825035, 0.0, 1.632993161855452, 1.632993161855452, 2.449489742783178, 1.2583057392117916, 6.849574196011505, 13.889444433333777, 13.768926368215256, 8.736894948054104, 12.832251036613439, 15.671098663888673, 11.916375287812984, 10.688779163215974, 9.069178573608527, 15.129992289048486, 6.757711644237764, 7.788880963698615, 13.576941236277534, 8.770214744615247, 11.430952132988164, 7.182153808805081, 0.0, 14.89966442575134, 0.0, 0.9574271077563381, 0.0, 15.609825965290794, 1.7320508075688772, 12.675435561221029, 9.626352718795768, 5.354126134736337, 2.217355782608345, 3.774917217635375, 8.981462390204987, 8.99536917900909, 4.546060565661952, 4.573474244670748, 5.802298395176403, 4.924428900898052, 4.9916597106239795, 4.112987559751022, 7.3484692283495345, 2.9860788111948193, 4.924428900898052, 11.470977871713176, 6.95221787153807, 8.386497083606082, 5.715476066494082, 4.43471156521669, 1.5, 0.9574271077563381, 3.304037933599835, 0.0, 0.0, 0.0, 0.0, 7.182153808805081, 0.0, 15.329709716755891, 5.852349955359813, 20.888593378524398, 4.96655480858378, 34.30257521916783, 10.688779163215974, 10.408329997330663, 7.32575365861197, 15.840349322747484, 7.937253933193772, 8.616843969807043, 13.880441875771343, 4.242640687119285, 17.776388834631177, 20.155644370746373, 12.579745625409124, 7.937253933193772, 11.224972160321824, 11.239810200058244, 18.997806890972093, 4.242640687119285, 6.34428877022476, 12.871156384205214, 6.751543033509698, 4.645786621588784, 6.97614984548545, 0.0, 0.0, 0.0, 0.0, 0.0, 0.0, 0.0, 0.0, 0.0, 0.0, 0.0, 0.0, 0.0, 0.0, 0.0, 0.0, 0.0, 0.0, 0.0, 0.0, 0.0, 0.0, 0.0, 0.0, 0.0, 0.0, 0.0, 0.0, 0.0, 0.0, 0.0, 0.0, 0.0, 0.0, 0.0, 0.0, 0.0, 0.0, 0.0, 0.0, 0.0, 0.0, 0.0, 0.0, 0.0, 0.0, 0.0, 0.0, 0.0, 0.0, 0.0, 0.0, 0.0, 0.0, 0.0, 0.0, 0.0, 0.0, 0.0, 0.0, 0.0, 0.0, 0.0, 0.0, 0.0, 0.0, 0.0, 0.0, 0.0, 0.0, 0.0, 0.0, 0.0, 0.0, 0.0, 0.0, 0.0, 0.0, 0.0, 0.0, 0.0, 0.0, 0.0, 0.0, 0.0, 0.0, 0.0, 0.0, 0.0, 0.0, 0.0, 0.0, 0.0, 0.0, 0.0, 0.0, 0.0, 0.0, 0.0, 0.0, 0.0, 0.0, 0.0, 0.0, 0.0, 0.0, 0.0, 0.0, 0.0, 0.0, 0.0, 0.0, 0.0, 0.0, 0.0, 0.0, 0.0, 0.0, 0.0, 0.0, 0.0, 0.0, 0.0, 0.0, 0.0, 0.0, 0.0, 0.0, 0.0, 0.0, 0.0, 0.0, 0.0]
new deviasi[0.0, 0.0, 0.0, 0.0, 0.0, 0.0, 0.0, 0.0, 0.0, 0.0, 7.7781745930520225, 0.0, 0.0, 7.7781745930520225, 0.0, 0.0, 0.0, 0.0, 0.0, 0.0, 0.0, 0.0, 0.0, 0.0, 0.0, 0.0, 0.0, 0.0, 0.0, 0.0, 0.0, 0.0, 18.03607496103296, 0.0, 0.0, 0.0, 0.0, 0.0, 6.308724118235001, 0.0, 1.4142135623730951, 1.4142135623730951, 2.1213203435596424, 1.224744871391589, 6.058052492344384, 12.029131306956458, 11.949895397031725, 7.569676347110224, 11.148990985734986, 13.594116374373144, 10.47377677822093, 9.273618495495704, 7.893034904268446, 13.107249902248755, 5.890670590009257, 6.745368781616021, 11.811011811017716, 7.661592523751182, 9.899494936611665, 6.244997998398398, 0.0, 13.390294993016397, 0.0, 0.8366600265340756, 0.0, 13.564659966250536, 1.51657508881031, 10.977249200050075, 8.336666000266533, 4.658325879540846, 2.0, 3.5777087639996634, 7.7781745930520225, 7.797435475847171, 3.96232255123179, 3.9749213828703582, 5.029910535983717, 4.277849927241488, 4.324349662087931, 3.5777087639996634, 6.363961030678928, 2.6457513110645907, 4.266145801540309, 9.9498743710662, 6.024948132556827, 7.26636084983398, 4.949747468305833, 3.8987177379235853, 1.3416407864998738, 1.0, 2.8635642126552705, 0.0, 0.0, 0.0, 0.0, 6.244997998398398, 0.0, 13.590437814875575, 5.0990195135927845, 18.0914344373242, 4.324349662087931, 29.827839345148686, 9.289779329994873, 9.082951062292475, 6.534523701081817, 13.754999091239519, 6.877499545619759, 7.483314773547883, 12.054044964243332, 3.7815340802378077, 15.453155017665487, 17.558473737771173, 10.89954127475097, 7.049822692805827, 10.21273714534943, 9.797958971132712, 16.537835408541227, 3.7815340802378077, 5.495452665613635, 11.166915420114902, 5.89915248150105, 4.024922359499621, 6.041522986797286, 0.0, 0.0, 0.0, 0.0, 0.0, 0.0, 0.0, 0.0, 0.0, 0.0, 0.0, 0.0, 0.0, 0.0, 0.0, 0.0, 0.0, 0.0, 0.0, 0.0, 0.0, 0.0, 0.0, 0.0, 0.0, 0.0, 0.0, 0.0, 0.0, 0.0, 0.0, 0.0, 0.0, 0.0, 0.0, 0.0, 0.0, 0.0, 0.0, 0.0, 0.0, 0.0, 0.0, 0.0, 0.0, 0.0, 0.0, 0.0, 0.0, 0.0, 0.0, 0.0, 0.0, 0.0, 0.0, 0.0, 0.0, 0.0, 0.0, 0.0, 0.0, 0.0, 0.0, 0.0, 0.0, 0.0, 0.0, 0.0, 0.0, 0.0, 0.0, 0.0, 0.0, 0.0, 0.0, 0.0, 0.0, 0.0, 0.0, 0.0, 0.0, 0.0, 0.0, 0.0, 0.0, 0.0, 0.0, 0.0, 0.0, 0.0, 0.0, 0.0, 0.0, 0.0, 0.0, 0.0, 0.0, 0.0, 0.0, 0.0, 0.0, 0.0, 0.0, 0.0, 0.0, 0.0, 0.0, 0.0, 0.0, 0.0, 0.0, 0.0, 0.0, 0.0, 0.0, 0.0, 0.0, 0.0, 0.0, 0.0, 0.0, 0.0, 0.0, 0.0, 0.0, 0.0, 0.0, 0.0, 0.0, 0.0, 0.0, 0.0, 0.0]
old sum [0.0, 0.0, 0.0, 0.0, 0.0, 0.0, 0.0, 0.0, 0.0, 0.0, 110.0, 0.0, 0.0, 110.0, 0.0, 0.0, 0.0, 0.0, 0.0, 0.0, 0.0, 0.0, 0.0, 0.0, 0.0, 0.0, 0.0, 0.0, 0.0, 0.0, 0.0, 0.0, 262.0, 0.0, 0.0, 0.0, 0.0, 0.0, 43.0, 0.0, 20.0, 20.0, 30.0, 5.0, 61.0, 171.0, 177.0, 112.0, 168.0, 207.0, 171.0, 145.0, 117.0, 193.0, 96.0, 105.0, 180.0, 109.0, 140.0, 95.0, 0.0, 192.0, 0.0, 11.0, 0.0, 230.0, 32.0, 160.0, 130.0, 84.0, 25.0, 53.0, 110.0, 123.0, 74.0, 63.0, 68.0, 73.0, 71.0, 63.0, 90.0, 55.0, 59.0, 155.0, 92.0, 122.0, 70.0, 66.0, 33.0, 15.0, 41.0, 0.0, 0.0, 0.0, 0.0, 85.0, 0.0, 191.0, 75.0, 252.0, 74.0, 429.0, 147.0, 140.0, 99.0, 209.0, 98.0, 105.0, 178.0, 68.0, 212.0, 257.0, 153.0, 104.0, 143.0, 135.0, 225.0, 48.0, 91.0, 166.0, 87.0, 59.0, 90.0, 0.0, 0.0, 0.0, 0.0, 0.0, 0.0, 0.0, 0.0, 0.0, 0.0, 0.0, 0.0, 0.0, 0.0, 0.0, 0.0, 0.0, 0.0, 0.0, 0.0, 0.0, 0.0, 0.0, 0.0, 0.0, 0.0, 0.0, 0.0, 0.0, 0.0, 0.0, 0.0, 0.0, 0.0, 0.0, 0.0, 0.0, 0.0, 0.0, 0.0, 0.0, 0.0, 0.0, 0.0, 0.0, 0.0, 0.0, 0.0, 0.0, 0.0, 0.0, 0.0, 0.0, 0.0, 0.0, 0.0, 0.0, 0.0, 0.0, 0.0, 0.0, 0.0, 0.0, 0.0, 0.0, 0.0, 0.0, 0.0, 0.0, 0.0, 0.0, 0.0, 0.0, 0.0, 0.0, 0.0, 0.0, 0.0, 0.0, 0.0, 0.0, 0.0, 0.0, 0.0, 0.0, 0.0, 0.0, 0.0, 0.0, 0.0, 0.0, 0.0, 0.0, 0.0, 0.0, 0.0, 0.0, 0.0, 0.0, 0.0, 0.0, 0.0, 0.0, 0.0, 0.0, 0.0, 0.0, 0.0, 0.0, 0.0, 0.0, 0.0, 0.0, 0.0, 0.0, 0.0, 0.0, 0.0, 0.0, 0.0, 0.0, 0.0, 0.0, 0.0, 0.0, 0.0, 0.0, 0.0, 0.0, 0.0, 0.0, 0.0, 0.0]
new sum [0.0, 0.0, 0.0, 0.0, 0.0, 0.0, 0.0, 0.0, 0.0, 0.0, 132.0, 0.0, 0.0, 132.0, 0.0, 0.0, 0.0, 0.0, 0.0, 0.0, 0.0, 0.0, 0.0, 0.0, 0.0, 0.0, 0.0, 0.0, 0.0, 0.0, 0.0, 0.0, 315.0, 0.0, 0.0, 0.0, 0.0, 0.0, 62.0, 0.0, 24.0, 24.0, 36.0, 8.0, 82.0, 206.0, 217.0, 137.0, 205.0, 252.0, 214.0, 176.0, 142.0, 233.0, 118.0, 127.0, 222.0, 136.0, 168.0, 117.0, 0.0, 245.0, 0.0, 14.0, 0.0, 278.0, 38.0, 191.0, 153.0, 101.0, 33.0, 68.0, 132.0, 148.0, 89.0, 77.0, 80.0, 88.0, 84.0, 76.0, 108.0, 67.0, 70.0, 186.0, 111.0, 144.0, 84.0, 82.0, 39.0, 19.0, 50.0, 0.0, 0.0, 0.0, 0.0, 105.0, 0.0, 241.0, 92.0, 305.0, 90.0, 523.0, 178.0, 171.0, 124.0, 256.0, 115.0, 127.0, 219.0, 85.0, 262.0, 316.0, 188.0, 131.0, 181.0, 168.0, 280.0, 62.0, 107.0, 203.0, 109.0, 69.0, 107.0, 0.0, 0.0, 0.0, 0.0, 0.0, 0.0, 0.0, 0.0, 0.0, 0.0, 0.0, 0.0, 0.0, 0.0, 0.0, 0.0, 0.0, 0.0, 0.0, 0.0, 0.0, 0.0, 0.0, 0.0, 0.0, 0.0, 0.0, 0.0, 0.0, 0.0, 0.0, 0.0, 0.0, 0.0, 0.0, 0.0, 0.0, 0.0, 0.0, 0.0, 0.0, 0.0, 0.0, 0.0, 0.0, 0.0, 0.0, 0.0, 0.0, 0.0, 0.0, 0.0, 0.0, 0.0, 0.0, 0.0, 0.0, 0.0, 0.0, 0.0, 0.0, 0.0, 0.0, 0.0, 0.0, 0.0, 0.0, 0.0, 0.0, 0.0, 0.0, 0.0, 0.0, 0.0, 0.0, 0.0, 0.0, 0.0, 0.0, 0.0, 0.0, 0.0, 0.0, 0.0, 0.0, 0.0, 0.0, 0.0, 0.0, 0.0, 0.0, 0.0, 0.0, 0.0, 0.0, 0.0, 0.0, 0.0, 0.0, 0.0, 0.0, 0.0, 0.0, 0.0, 0.0, 0.0, 0.0, 0.0, 0.0, 0.0, 0.0, 0.0, 0.0, 0.0, 0.0, 0.0, 0.0, 0.0, 0.0, 0.0, 0.0, 0.0, 0.0, 0.0, 0.0, 0.0, 0.0, 0.0, 0.0, 0.0, 0.0, 0.0, 0.0]
old kuadrat [0.0, 0.0, 0.0, 0.0, 0.0, 0.0, 0.0, 0.0, 0.0, 0.0, 2662.0, 0.0, 0.0, 2662.0, 0.0, 0.0, 0.0, 0.0, 0.0, 0.0, 0.0, 0.0, 0.0, 0.0, 0.0, 0.0, 0.0, 0.0, 0.0, 0.0, 0.0, 0.0, 15030.0, 0.0, 0.0, 0.0, 0.0, 0.0, 529.0, 0.0, 88.0, 88.0, 198.0, 11.0, 891.0, 6427.0, 6837.0, 2738.0, 6142.0, 9309.0, 6287.0, 4549.0, 2987.0, 8137.0, 1982.0, 2387.0, 7038.0, 2611.0, 4312.0, 1961.0, 0.0, 8090.0, 0.0, 27.0, 0.0, 11316.0, 214.0, 5602.0, 3658.0, 1498.0, 141.0, 613.0, 2662.0, 3269.0, 1158.0, 857.0, 1026.0, 1139.0, 1083.0, 845.0, 1782.0, 633.0, 769.0, 5201.0, 1838.0, 3188.0, 1078.0, 932.0, 225.0, 49.0, 369.0, 0.0, 0.0, 0.0, 0.0, 1601.0, 0.0, 8035.0, 1229.0, 14010.0, 1170.0, 40367.0, 4667.0, 4250.0, 2131.0, 9493.0, 2110.0, 2429.0, 6918.0, 982.0, 9944.0, 14443.0, 5157.0, 2362.0, 4507.0, 4029.0, 11219.0, 518.0, 1777.0, 6010.0, 1653.0, 761.0, 1766.0, 0.0, 0.0, 0.0, 0.0, 0.0, 0.0, 0.0, 0.0, 0.0, 0.0, 0.0, 0.0, 0.0, 0.0, 0.0, 0.0, 0.0, 0.0, 0.0, 0.0, 0.0, 0.0, 0.0, 0.0, 0.0, 0.0, 0.0, 0.0, 0.0, 0.0, 0.0, 0.0, 0.0, 0.0, 0.0, 0.0, 0.0, 0.0, 0.0, 0.0, 0.0, 0.0, 0.0, 0.0, 0.0, 0.0, 0.0, 0.0, 0.0, 0.0, 0.0, 0.0, 0.0, 0.0, 0.0, 0.0, 0.0, 0.0, 0.0, 0.0, 0.0, 0.0, 0.0, 0.0, 0.0, 0.0, 0.0, 0.0, 0.0, 0.0, 0.0, 0.0, 0.0, 0.0, 0.0, 0.0, 0.0, 0.0, 0.0, 0.0, 0.0, 0.0, 0.0, 0.0, 0.0, 0.0, 0.0, 0.0, 0.0, 0.0, 0.0, 0.0, 0.0, 0.0, 0.0, 0.0, 0.0, 0.0, 0.0, 0.0, 0.0, 0.0, 0.0, 0.0, 0.0, 0.0, 0.0, 0.0, 0.0, 0.0, 0.0, 0.0, 0.0, 0.0, 0.0, 0.0, 0.0, 0.0, 0.0, 0.0, 0.0, 0.0, 0.0, 0.0, 0.0, 0.0, 0.0, 0.0, 0.0, 0.0, 0.0, 0.0, 0.0]
new kuadrat [0.0, 0.0, 0.0, 0.0, 0.0, 0.0, 0.0, 0.0, 0.0, 0.0, 3146.0, 0.0, 0.0, 3146.0, 0.0, 0.0, 0.0, 0.0, 0.0, 0.0, 0.0, 0.0, 0.0, 0.0, 0.0, 0.0, 0.0, 0.0, 0.0, 0.0, 0.0, 0.0, 17839.0, 0.0, 0.0, 0.0, 0.0, 0.0, 890.0, 0.0, 104.0, 104.0, 234.0, 20.0, 1332.0, 7652.0, 8437.0, 3363.0, 7511.0, 11334.0, 8136.0, 5510.0, 3612.0, 9737.0, 2466.0, 2871.0, 8802.0, 3340.0, 5096.0, 2445.0, 0.0, 10899.0, 0.0, 36.0, 0.0, 13620.0, 250.0, 6563.0, 4187.0, 1787.0, 205.0, 838.0, 3146.0, 3894.0, 1383.0, 1053.0, 1170.0, 1364.0, 1252.0, 1014.0, 2106.0, 777.0, 890.0, 6162.0, 2199.0, 3672.0, 1274.0, 1188.0, 261.0, 65.0, 450.0, 0.0, 0.0, 0.0, 0.0, 2001.0, 0.0, 10535.0, 1518.0, 16819.0, 1426.0, 49203.0, 5628.0, 5211.0, 2756.0, 11702.0, 2399.0, 2913.0, 8599.0, 1271.0, 12444.0, 17924.0, 6382.0, 3091.0, 5951.0, 5118.0, 14244.0, 714.0, 2033.0, 7379.0, 2137.0, 861.0, 2055.0, 0.0, 0.0, 0.0, 0.0, 0.0, 0.0, 0.0, 0.0, 0.0, 0.0, 0.0, 0.0, 0.0, 0.0, 0.0, 0.0, 0.0, 0.0, 0.0, 0.0, 0.0, 0.0, 0.0, 0.0, 0.0, 0.0, 0.0, 0.0, 0.0, 0.0, 0.0, 0.0, 0.0, 0.0, 0.0, 0.0, 0.0, 0.0, 0.0, 0.0, 0.0, 0.0, 0.0, 0.0, 0.0, 0.0, 0.0, 0.0, 0.0, 0.0, 0.0, 0.0, 0.0, 0.0, 0.0, 0.0, 0.0, 0.0, 0.0, 0.0, 0.0, 0.0, 0.0, 0.0, 0.0, 0.0, 0.0, 0.0, 0.0, 0.0, 0.0, 0.0, 0.0, 0.0, 0.0, 0.0, 0.0, 0.0, 0.0, 0.0, 0.0, 0.0, 0.0, 0.0, 0.0, 0.0, 0.0, 0.0, 0.0, 0.0, 0.0, 0.0, 0.0, 0.0, 0.0, 0.0, 0.0, 0.0, 0.0, 0.0, 0.0, 0.0, 0.0, 0.0, 0.0, 0.0, 0.0, 0.0, 0.0, 0.0, 0.0, 0.0, 0.0, 0.0, 0.0, 0.0, 0.0, 0.0, 0.0, 0.0, 0.0, 0.0, 0.0, 0.0, 0.0, 0.0, 0.0, 0.0, 0.0, 0.0, 0.0, 0.0, 0.0]
old mean [0.0, 0.0, 0.0, 0.0, 0.0, 0.0, 0.0, 0.0, 0.0, 0.0, 22.0, 0.0, 0.0, 22.0, 0.0, 0.0, 0.0, 0.0, 0.0, 0.0, 0.0, 0.0, 0.0, 0.0, 0.0, 0.0, 0.0, 0.0, 0.0, 0.0, 0.0, 0.0, 52.4, 0.0, 0.0, 0.0, 0.0, 0.0, 8.6, 0.0, 4.0, 4.0, 6.0, 1.0, 12.2, 34.2, 35.4, 22.4, 33.6, 41.4, 34.2, 29.0, 23.4, 38.6, 19.2, 21.0, 36.0, 21.8, 28.0, 19.0, 0.0, 38.4, 0.0, 2.2, 0.0, 46.0, 6.4, 32.0, 26.0, 16.8, 5.0, 10.6, 22.0, 24.6, 14.8, 12.6, 13.6, 14.6, 14.2, 12.6, 18.0, 11.0, 11.8, 31.0, 18.4, 24.4, 14.0, 13.2, 6.6, 3.0, 8.2, 0.0, 0.0, 0.0, 0.0, 17.0, 0.0, 38.2, 15.0, 50.4, 14.8, 85.8, 29.4, 28.0, 19.8, 41.8, 19.6, 21.0, 35.6, 13.6, 42.4, 51.4, 30.6, 20.8, 28.6, 27.0, 45.0, 9.6, 18.2, 33.2, 17.4, 11.8, 18.0, 0.0, 0.0, 0.0, 0.0, 0.0, 0.0, 0.0, 0.0, 0.0, 0.0, 0.0, 0.0, 0.0, 0.0, 0.0, 0.0, 0.0, 0.0, 0.0, 0.0, 0.0, 0.0, 0.0, 0.0, 0.0, 0.0, 0.0, 0.0, 0.0, 0.0, 0.0, 0.0, 0.0, 0.0, 0.0, 0.0, 0.0, 0.0, 0.0, 0.0, 0.0, 0.0, 0.0, 0.0, 0.0, 0.0, 0.0, 0.0, 0.0, 0.0, 0.0, 0.0, 0.0, 0.0, 0.0, 0.0, 0.0, 0.0, 0.0, 0.0, 0.0, 0.0, 0.0, 0.0, 0.0, 0.0, 0.0, 0.0, 0.0, 0.0, 0.0, 0.0, 0.0, 0.0, 0.0, 0.0, 0.0, 0.0, 0.0, 0.0, 0.0, 0.0, 0.0, 0.0, 0.0, 0.0, 0.0, 0.0, 0.0, 0.0, 0.0, 0.0, 0.0, 0.0, 0.0, 0.0, 0.0, 0.0, 0.0, 0.0, 0.0, 0.0, 0.0, 0.0, 0.0, 0.0, 0.0, 0.0, 0.0, 0.0, 0.0, 0.0, 0.0, 0.0, 0.0, 0.0, 0.0, 0.0, 0.0, 0.0, 0.0, 0.0, 0.0, 0.0, 0.0, 0.0, 0.0, 0.0, 0.0, 0.0, 0.0, 0.0, 0.0]
new mean[0.0, 0.0, 0.0, 0.0, 0.0, 0.0, 0.0, 0.0, 0.0, 0.0, 22.0, 0.0, 0.0, 22.0, 0.0, 0.0, 0.0, 0.0, 0.0, 0.0, 0.0, 0.0, 0.0, 0.0, 0.0, 0.0, 0.0, 0.0, 0.0, 0.0, 0.0, 0.0, 52.5, 0.0, 0.0, 0.0, 0.0, 0.0, 10.333333333333334, 0.0, 4.0, 4.0, 6.0, 1.3333333333333333, 13.666666666666666, 34.333333333333336, 36.166666666666664, 22.833333333333332, 34.166666666666664, 42.0, 35.666666666666664, 29.333333333333332, 23.666666666666668, 38.833333333333336, 19.666666666666668, 21.166666666666668, 37.0, 22.666666666666668, 28.0, 19.5, 0.0, 40.833333333333336, 0.0, 2.3333333333333335, 0.0, 46.333333333333336, 6.333333333333333, 31.833333333333332, 25.5, 16.833333333333332, 5.5, 11.333333333333334, 22.0, 24.666666666666668, 14.833333333333334, 12.833333333333334, 13.333333333333334, 14.666666666666666, 14.0, 12.666666666666666, 18.0, 11.166666666666666, 11.666666666666666, 31.0, 18.5, 24.0, 14.0, 13.666666666666666, 6.5, 3.1666666666666665, 8.333333333333334, 0.0, 0.0, 0.0, 0.0, 17.5, 0.0, 40.166666666666664, 15.333333333333334, 50.833333333333336, 15.0, 87.16666666666667, 29.666666666666668, 28.5, 20.666666666666668, 42.666666666666664, 19.166666666666668, 21.166666666666668, 36.5, 14.166666666666666, 43.666666666666664, 52.666666666666664, 31.333333333333332, 21.833333333333332, 30.166666666666668, 28.0, 46.666666666666664, 10.333333333333334, 17.833333333333332, 33.833333333333336, 18.166666666666668, 11.5, 17.833333333333332, 0.0, 0.0, 0.0, 0.0, 0.0, 0.0, 0.0, 0.0, 0.0, 0.0, 0.0, 0.0, 0.0, 0.0, 0.0, 0.0, 0.0, 0.0, 0.0, 0.0, 0.0, 0.0, 0.0, 0.0, 0.0, 0.0, 0.0, 0.0, 0.0, 0.0, 0.0, 0.0, 0.0, 0.0, 0.0, 0.0, 0.0, 0.0, 0.0, 0.0, 0.0, 0.0, 0.0, 0.0, 0.0, 0.0, 0.0, 0.0, 0.0, 0.0, 0.0, 0.0, 0.0, 0.0, 0.0, 0.0, 0.0, 0.0, 0.0, 0.0, 0.0, 0.0, 0.0, 0.0, 0.0, 0.0, 0.0, 0.0, 0.0, 0.0, 0.0, 0.0, 0.0, 0.0, 0.0, 0.0, 0.0, 0.0, 0.0, 0.0, 0.0, 0.0, 0.0, 0.0, 0.0, 0.0, 0.0, 0.0, 0.0, 0.0, 0.0, 0.0, 0.0, 0.0, 0.0, 0.0, 0.0, 0.0, 0.0, 0.0, 0.0, 0.0, 0.0, 0.0, 0.0, 0.0, 0.0, 0.0, 0.0, 0.0, 0.0, 0.0, 0.0, 0.0, 0.0, 0.0, 0.0, 0.0, 0.0, 0.0, 0.0, 0.0, 0.0, 0.0, 0.0, 0.0, 0.0, 0.0, 0.0, 0.0, 0.0, 0.0, 0.0]
old deviasi[0.0, 0.0, 0.0, 0.0, 0.0, 0.0, 0.0, 0.0, 0.0, 0.0, 7.7781745930520225, 0.0, 0.0, 7.7781745930520225, 0.0, 0.0, 0.0, 0.0, 0.0, 0.0, 0.0, 0.0, 0.0, 0.0, 0.0, 0.0, 0.0, 0.0, 0.0, 0.0, 0.0, 0.0, 18.03607496103296, 0.0, 0.0, 0.0, 0.0, 0.0, 6.308724118235001, 0.0, 1.4142135623730951, 1.4142135623730951, 2.1213203435596424, 1.224744871391589, 6.058052492344384, 12.029131306956458, 11.949895397031725, 7.569676347110224, 11.148990985734986, 13.594116374373144, 10.47377677822093, 9.273618495495704, 7.893034904268446, 13.107249902248755, 5.890670590009257, 6.745368781616021, 11.811011811017716, 7.661592523751182, 9.899494936611665, 6.244997998398398, 0.0, 13.390294993016397, 0.0, 0.8366600265340756, 0.0, 13.564659966250536, 1.51657508881031, 10.977249200050075, 8.336666000266533, 4.658325879540846, 2.0, 3.5777087639996634, 7.7781745930520225, 7.797435475847171, 3.96232255123179, 3.9749213828703582, 5.029910535983717, 4.277849927241488, 4.324349662087931, 3.5777087639996634, 6.363961030678928, 2.6457513110645907, 4.266145801540309, 9.9498743710662, 6.024948132556827, 7.26636084983398, 4.949747468305833, 3.8987177379235853, 1.3416407864998738, 1.0, 2.8635642126552705, 0.0, 0.0, 0.0, 0.0, 6.244997998398398, 0.0, 13.590437814875575, 5.0990195135927845, 18.0914344373242, 4.324349662087931, 29.827839345148686, 9.289779329994873, 9.082951062292475, 6.534523701081817, 13.754999091239519, 6.877499545619759, 7.483314773547883, 12.054044964243332, 3.7815340802378077, 15.453155017665487, 17.558473737771173, 10.89954127475097, 7.049822692805827, 10.21273714534943, 9.797958971132712, 16.537835408541227, 3.7815340802378077, 5.495452665613635, 11.166915420114902, 5.89915248150105, 4.024922359499621, 6.041522986797286, 0.0, 0.0, 0.0, 0.0, 0.0, 0.0, 0.0, 0.0, 0.0, 0.0, 0.0, 0.0, 0.0, 0.0, 0.0, 0.0, 0.0, 0.0, 0.0, 0.0, 0.0, 0.0, 0.0, 0.0, 0.0, 0.0, 0.0, 0.0, 0.0, 0.0, 0.0, 0.0, 0.0, 0.0, 0.0, 0.0, 0.0, 0.0, 0.0, 0.0, 0.0, 0.0, 0.0, 0.0, 0.0, 0.0, 0.0, 0.0, 0.0, 0.0, 0.0, 0.0, 0.0, 0.0, 0.0, 0.0, 0.0, 0.0, 0.0, 0.0, 0.0, 0.0, 0.0, 0.0, 0.0, 0.0, 0.0, 0.0, 0.0, 0.0, 0.0, 0.0, 0.0, 0.0, 0.0, 0.0, 0.0, 0.0, 0.0, 0.0, 0.0, 0.0, 0.0, 0.0, 0.0, 0.0, 0.0, 0.0, 0.0, 0.0, 0.0, 0.0, 0.0, 0.0, 0.0, 0.0, 0.0, 0.0, 0.0, 0.0, 0.0, 0.0, 0.0, 0.0, 0.0, 0.0, 0.0, 0.0, 0.0, 0.0, 0.0, 0.0, 0.0, 0.0, 0.0, 0.0, 0.0, 0.0, 0.0, 0.0, 0.0, 0.0, 0.0, 0.0, 0.0, 0.0, 0.0, 0.0, 0.0, 0.0, 0.0, 0.0, 0.0]
new deviasi[0.0, 0.0, 0.0, 0.0, 0.0, 0.0, 0.0, 0.0, 0.0, 0.0, 6.957010852370434, 0.0, 0.0, 6.957010852370434, 0.0, 0.0, 0.0, 0.0, 0.0, 0.0, 0.0, 0.0, 0.0, 0.0, 0.0, 0.0, 0.0, 0.0, 0.0, 0.0, 0.0, 0.0, 16.133815419794537, 0.0, 0.0, 0.0, 0.0, 0.0, 7.061633427661525, 0.0, 1.2649110640673518, 1.2649110640673518, 1.8973665961010275, 1.3662601021279464, 6.501281924871945, 10.764137989949155, 10.852035139395129, 6.853223086013374, 10.068101443006356, 12.24744871391589, 10.03327796219494, 8.334666560017064, 7.0898989179442236, 11.73740459670138, 5.391351098441528, 6.047037842337906, 10.844353369380768, 7.174027227901123, 8.854377448471462, 5.718391382198319, 0.0, 13.377842377105011, 0.0, 0.816496580927726, 0.0, 12.160043859570026, 1.3662601021279464, 9.826834010334492, 7.556454194925025, 4.167333280008532, 2.16794833886788, 3.669695718539436, 6.957010852370434, 6.97614984548545, 3.5449494589721118, 3.600925806881706, 4.546060565661952, 3.8297084310253524, 3.8987177379235853, 3.2041639575194445, 5.692099788303083, 2.401388487243717, 3.8297084310253524, 8.899438184514796, 5.394441583704471, 6.572670690061994, 4.427188724235731, 3.669695718539436, 1.224744871391589, 0.983192080250175, 2.581988897471611, 0.0, 0.0, 0.0, 0.0, 5.718391382198319, 0.0, 13.075422236649441, 4.633213427705081, 16.216246996967783, 3.8987177379235853, 26.88803947235028, 8.334666560017064, 8.215838362577491, 6.2182527020592095, 12.484657250668384, 6.242328625334192, 6.705718952257593, 11.004544515789828, 3.65604522218567, 14.165686240583852, 16.00833116432399, 9.912954487269003, 6.794605703546503, 9.9079092984679, 9.09945053286186, 15.344923156101716, 3.8297084310253524, 4.9966655548141965, 10.107752800037536, 5.600595206463923, 3.6742346141747673, 5.419102016632153, 0.0, 0.0, 0.0, 0.0, 0.0, 0.0, 0.0, 0.0, 0.0, 0.0, 0.0, 0.0, 0.0, 0.0, 0.0, 0.0, 0.0, 0.0, 0.0, 0.0, 0.0, 0.0, 0.0, 0.0, 0.0, 0.0, 0.0, 0.0, 0.0, 0.0, 0.0, 0.0, 0.0, 0.0, 0.0, 0.0, 0.0, 0.0, 0.0, 0.0, 0.0, 0.0, 0.0, 0.0, 0.0, 0.0, 0.0, 0.0, 0.0, 0.0, 0.0, 0.0, 0.0, 0.0, 0.0, 0.0, 0.0, 0.0, 0.0, 0.0, 0.0, 0.0, 0.0, 0.0, 0.0, 0.0, 0.0, 0.0, 0.0, 0.0, 0.0, 0.0, 0.0, 0.0, 0.0, 0.0, 0.0, 0.0, 0.0, 0.0, 0.0, 0.0, 0.0, 0.0, 0.0, 0.0, 0.0, 0.0, 0.0, 0.0, 0.0, 0.0, 0.0, 0.0, 0.0, 0.0, 0.0, 0.0, 0.0, 0.0, 0.0, 0.0, 0.0, 0.0, 0.0, 0.0, 0.0, 0.0, 0.0, 0.0, 0.0, 0.0, 0.0, 0.0, 0.0, 0.0, 0.0, 0.0, 0.0, 0.0, 0.0, 0.0, 0.0, 0.0, 0.0, 0.0, 0.0, 0.0, 0.0, 0.0, 0.0, 0.0, 0.0]
old sum [0.0, 0.0, 0.0, 0.0, 0.0, 0.0, 0.0, 0.0, 0.0, 0.0, 132.0, 0.0, 0.0, 132.0, 0.0, 0.0, 0.0, 0.0, 0.0, 0.0, 0.0, 0.0, 0.0, 0.0, 0.0, 0.0, 0.0, 0.0, 0.0, 0.0, 0.0, 0.0, 315.0, 0.0, 0.0, 0.0, 0.0, 0.0, 62.0, 0.0, 24.0, 24.0, 36.0, 8.0, 82.0, 206.0, 217.0, 137.0, 205.0, 252.0, 214.0, 176.0, 142.0, 233.0, 118.0, 127.0, 222.0, 136.0, 168.0, 117.0, 0.0, 245.0, 0.0, 14.0, 0.0, 278.0, 38.0, 191.0, 153.0, 101.0, 33.0, 68.0, 132.0, 148.0, 89.0, 77.0, 80.0, 88.0, 84.0, 76.0, 108.0, 67.0, 70.0, 186.0, 111.0, 144.0, 84.0, 82.0, 39.0, 19.0, 50.0, 0.0, 0.0, 0.0, 0.0, 105.0, 0.0, 241.0, 92.0, 305.0, 90.0, 523.0, 178.0, 171.0, 124.0, 256.0, 115.0, 127.0, 219.0, 85.0, 262.0, 316.0, 188.0, 131.0, 181.0, 168.0, 280.0, 62.0, 107.0, 203.0, 109.0, 69.0, 107.0, 0.0, 0.0, 0.0, 0.0, 0.0, 0.0, 0.0, 0.0, 0.0, 0.0, 0.0, 0.0, 0.0, 0.0, 0.0, 0.0, 0.0, 0.0, 0.0, 0.0, 0.0, 0.0, 0.0, 0.0, 0.0, 0.0, 0.0, 0.0, 0.0, 0.0, 0.0, 0.0, 0.0, 0.0, 0.0, 0.0, 0.0, 0.0, 0.0, 0.0, 0.0, 0.0, 0.0, 0.0, 0.0, 0.0, 0.0, 0.0, 0.0, 0.0, 0.0, 0.0, 0.0, 0.0, 0.0, 0.0, 0.0, 0.0, 0.0, 0.0, 0.0, 0.0, 0.0, 0.0, 0.0, 0.0, 0.0, 0.0, 0.0, 0.0, 0.0, 0.0, 0.0, 0.0, 0.0, 0.0, 0.0, 0.0, 0.0, 0.0, 0.0, 0.0, 0.0, 0.0, 0.0, 0.0, 0.0, 0.0, 0.0, 0.0, 0.0, 0.0, 0.0, 0.0, 0.0, 0.0, 0.0, 0.0, 0.0, 0.0, 0.0, 0.0, 0.0, 0.0, 0.0, 0.0, 0.0, 0.0, 0.0, 0.0, 0.0, 0.0, 0.0, 0.0, 0.0, 0.0, 0.0, 0.0, 0.0, 0.0, 0.0, 0.0, 0.0, 0.0, 0.0, 0.0, 0.0, 0.0, 0.0, 0.0, 0.0, 0.0, 0.0]
new sum [0.0, 0.0, 0.0, 0.0, 0.0, 0.0, 0.0, 0.0, 0.0, 0.0, 165.0, 0.0, 0.0, 165.0, 0.0, 0.0, 0.0, 0.0, 0.0, 0.0, 0.0, 0.0, 0.0, 0.0, 0.0, 0.0, 0.0, 0.0, 0.0, 0.0, 0.0, 0.0, 393.0, 0.0, 0.0, 0.0, 0.0, 0.0, 72.0, 0.0, 30.0, 30.0, 45.0, 9.0, 97.0, 257.0, 268.0, 169.0, 254.0, 312.0, 260.0, 218.0, 177.0, 290.0, 145.0, 157.0, 273.0, 167.0, 210.0, 144.0, 0.0, 297.0, 0.0, 17.0, 0.0, 344.0, 47.0, 239.0, 192.0, 125.0, 39.0, 82.0, 165.0, 184.0, 110.0, 95.0, 101.0, 109.0, 105.0, 94.0, 135.0, 82.0, 88.0, 232.0, 138.0, 180.0, 105.0, 100.0, 48.0, 22.0, 62.0, 0.0, 0.0, 0.0, 0.0, 130.0, 0.0, 295.0, 114.0, 380.0, 111.0, 651.0, 221.0, 212.0, 152.0, 316.0, 145.0, 159.0, 270.0, 103.0, 324.0, 391.0, 232.0, 160.0, 222.0, 207.0, 345.0, 75.0, 134.0, 251.0, 133.0, 87.0, 134.0, 0.0, 0.0, 0.0, 0.0, 0.0, 0.0, 0.0, 0.0, 0.0, 0.0, 0.0, 0.0, 0.0, 0.0, 0.0, 0.0, 0.0, 0.0, 0.0, 0.0, 0.0, 0.0, 0.0, 0.0, 0.0, 0.0, 0.0, 0.0, 0.0, 0.0, 0.0, 0.0, 0.0, 0.0, 0.0, 0.0, 0.0, 0.0, 0.0, 0.0, 0.0, 0.0, 0.0, 0.0, 0.0, 0.0, 0.0, 0.0, 0.0, 0.0, 0.0, 0.0, 0.0, 0.0, 0.0, 0.0, 0.0, 0.0, 0.0, 0.0, 0.0, 0.0, 0.0, 0.0, 0.0, 0.0, 0.0, 0.0, 0.0, 0.0, 0.0, 0.0, 0.0, 0.0, 0.0, 0.0, 0.0, 0.0, 0.0, 0.0, 0.0, 0.0, 0.0, 0.0, 0.0, 0.0, 0.0, 0.0, 0.0, 0.0, 0.0, 0.0, 0.0, 0.0, 0.0, 0.0, 0.0, 0.0, 0.0, 0.0, 0.0, 0.0, 0.0, 0.0, 0.0, 0.0, 0.0, 0.0, 0.0, 0.0, 0.0, 0.0, 0.0, 0.0, 0.0, 0.0, 0.0, 0.0, 0.0, 0.0, 0.0, 0.0, 0.0, 0.0, 0.0, 0.0, 0.0, 0.0, 0.0, 0.0, 0.0, 0.0, 0.0]
old kuadrat [0.0, 0.0, 0.0, 0.0, 0.0, 0.0, 0.0, 0.0, 0.0, 0.0, 3146.0, 0.0, 0.0, 3146.0, 0.0, 0.0, 0.0, 0.0, 0.0, 0.0, 0.0, 0.0, 0.0, 0.0, 0.0, 0.0, 0.0, 0.0, 0.0, 0.0, 0.0, 0.0, 17839.0, 0.0, 0.0, 0.0, 0.0, 0.0, 890.0, 0.0, 104.0, 104.0, 234.0, 20.0, 1332.0, 7652.0, 8437.0, 3363.0, 7511.0, 11334.0, 8136.0, 5510.0, 3612.0, 9737.0, 2466.0, 2871.0, 8802.0, 3340.0, 5096.0, 2445.0, 0.0, 10899.0, 0.0, 36.0, 0.0, 13620.0, 250.0, 6563.0, 4187.0, 1787.0, 205.0, 838.0, 3146.0, 3894.0, 1383.0, 1053.0, 1170.0, 1364.0, 1252.0, 1014.0, 2106.0, 777.0, 890.0, 6162.0, 2199.0, 3672.0, 1274.0, 1188.0, 261.0, 65.0, 450.0, 0.0, 0.0, 0.0, 0.0, 2001.0, 0.0, 10535.0, 1518.0, 16819.0, 1426.0, 49203.0, 5628.0, 5211.0, 2756.0, 11702.0, 2399.0, 2913.0, 8599.0, 1271.0, 12444.0, 17924.0, 6382.0, 3091.0, 5951.0, 5118.0, 14244.0, 714.0, 2033.0, 7379.0, 2137.0, 861.0, 2055.0, 0.0, 0.0, 0.0, 0.0, 0.0, 0.0, 0.0, 0.0, 0.0, 0.0, 0.0, 0.0, 0.0, 0.0, 0.0, 0.0, 0.0, 0.0, 0.0, 0.0, 0.0, 0.0, 0.0, 0.0, 0.0, 0.0, 0.0, 0.0, 0.0, 0.0, 0.0, 0.0, 0.0, 0.0, 0.0, 0.0, 0.0, 0.0, 0.0, 0.0, 0.0, 0.0, 0.0, 0.0, 0.0, 0.0, 0.0, 0.0, 0.0, 0.0, 0.0, 0.0, 0.0, 0.0, 0.0, 0.0, 0.0, 0.0, 0.0, 0.0, 0.0, 0.0, 0.0, 0.0, 0.0, 0.0, 0.0, 0.0, 0.0, 0.0, 0.0, 0.0, 0.0, 0.0, 0.0, 0.0, 0.0, 0.0, 0.0, 0.0, 0.0, 0.0, 0.0, 0.0, 0.0, 0.0, 0.0, 0.0, 0.0, 0.0, 0.0, 0.0, 0.0, 0.0, 0.0, 0.0, 0.0, 0.0, 0.0, 0.0, 0.0, 0.0, 0.0, 0.0, 0.0, 0.0, 0.0, 0.0, 0.0, 0.0, 0.0, 0.0, 0.0, 0.0, 0.0, 0.0, 0.0, 0.0, 0.0, 0.0, 0.0, 0.0, 0.0, 0.0, 0.0, 0.0, 0.0, 0.0, 0.0, 0.0, 0.0, 0.0, 0.0]
new kuadrat [0.0, 0.0, 0.0, 0.0, 0.0, 0.0, 0.0, 0.0, 0.0, 0.0, 4235.0, 0.0, 0.0, 4235.0, 0.0, 0.0, 0.0, 0.0, 0.0, 0.0, 0.0, 0.0, 0.0, 0.0, 0.0, 0.0, 0.0, 0.0, 0.0, 0.0, 0.0, 0.0, 23923.0, 0.0, 0.0, 0.0, 0.0, 0.0, 990.0, 0.0, 140.0, 140.0, 315.0, 21.0, 1557.0, 10253.0, 11038.0, 4387.0, 9912.0, 14934.0, 10252.0, 7274.0, 4837.0, 12986.0, 3195.0, 3771.0, 11403.0, 4301.0, 6860.0, 3174.0, 0.0, 13603.0, 0.0, 45.0, 0.0, 17976.0, 331.0, 8867.0, 5708.0, 2363.0, 241.0, 1034.0, 4235.0, 5190.0, 1824.0, 1377.0, 1611.0, 1805.0, 1693.0, 1338.0, 2835.0, 1002.0, 1214.0, 8278.0, 2928.0, 4968.0, 1715.0, 1512.0, 342.0, 74.0, 594.0, 0.0, 0.0, 0.0, 0.0, 2626.0, 0.0, 13451.0, 2002.0, 22444.0, 1867.0, 65587.0, 7477.0, 6892.0, 3540.0, 15302.0, 3299.0, 3937.0, 11200.0, 1595.0, 16288.0, 23549.0, 8318.0, 3932.0, 7632.0, 6639.0, 18469.0, 883.0, 2762.0, 9683.0, 2713.0, 1185.0, 2784.0, 0.0, 0.0, 0.0, 0.0, 0.0, 0.0, 0.0, 0.0, 0.0, 0.0, 0.0, 0.0, 0.0, 0.0, 0.0, 0.0, 0.0, 0.0, 0.0, 0.0, 0.0, 0.0, 0.0, 0.0, 0.0, 0.0, 0.0, 0.0, 0.0, 0.0, 0.0, 0.0, 0.0, 0.0, 0.0, 0.0, 0.0, 0.0, 0.0, 0.0, 0.0, 0.0, 0.0, 0.0, 0.0, 0.0, 0.0, 0.0, 0.0, 0.0, 0.0, 0.0, 0.0, 0.0, 0.0, 0.0, 0.0, 0.0, 0.0, 0.0, 0.0, 0.0, 0.0, 0.0, 0.0, 0.0, 0.0, 0.0, 0.0, 0.0, 0.0, 0.0, 0.0, 0.0, 0.0, 0.0, 0.0, 0.0, 0.0, 0.0, 0.0, 0.0, 0.0, 0.0, 0.0, 0.0, 0.0, 0.0, 0.0, 0.0, 0.0, 0.0, 0.0, 0.0, 0.0, 0.0, 0.0, 0.0, 0.0, 0.0, 0.0, 0.0, 0.0, 0.0, 0.0, 0.0, 0.0, 0.0, 0.0, 0.0, 0.0, 0.0, 0.0, 0.0, 0.0, 0.0, 0.0, 0.0, 0.0, 0.0, 0.0, 0.0, 0.0, 0.0, 0.0, 0.0, 0.0, 0.0, 0.0, 0.0, 0.0, 0.0, 0.0]
old mean [0.0, 0.0, 0.0, 0.0, 0.0, 0.0, 0.0, 0.0, 0.0, 0.0, 22.0, 0.0, 0.0, 22.0, 0.0, 0.0, 0.0, 0.0, 0.0, 0.0, 0.0, 0.0, 0.0, 0.0, 0.0, 0.0, 0.0, 0.0, 0.0, 0.0, 0.0, 0.0, 52.5, 0.0, 0.0, 0.0, 0.0, 0.0, 10.333333333333334, 0.0, 4.0, 4.0, 6.0, 1.3333333333333333, 13.666666666666666, 34.333333333333336, 36.166666666666664, 22.833333333333332, 34.166666666666664, 42.0, 35.666666666666664, 29.333333333333332, 23.666666666666668, 38.833333333333336, 19.666666666666668, 21.166666666666668, 37.0, 22.666666666666668, 28.0, 19.5, 0.0, 40.833333333333336, 0.0, 2.3333333333333335, 0.0, 46.333333333333336, 6.333333333333333, 31.833333333333332, 25.5, 16.833333333333332, 5.5, 11.333333333333334, 22.0, 24.666666666666668, 14.833333333333334, 12.833333333333334, 13.333333333333334, 14.666666666666666, 14.0, 12.666666666666666, 18.0, 11.166666666666666, 11.666666666666666, 31.0, 18.5, 24.0, 14.0, 13.666666666666666, 6.5, 3.1666666666666665, 8.333333333333334, 0.0, 0.0, 0.0, 0.0, 17.5, 0.0, 40.166666666666664, 15.333333333333334, 50.833333333333336, 15.0, 87.16666666666667, 29.666666666666668, 28.5, 20.666666666666668, 42.666666666666664, 19.166666666666668, 21.166666666666668, 36.5, 14.166666666666666, 43.666666666666664, 52.666666666666664, 31.333333333333332, 21.833333333333332, 30.166666666666668, 28.0, 46.666666666666664, 10.333333333333334, 17.833333333333332, 33.833333333333336, 18.166666666666668, 11.5, 17.833333333333332, 0.0, 0.0, 0.0, 0.0, 0.0, 0.0, 0.0, 0.0, 0.0, 0.0, 0.0, 0.0, 0.0, 0.0, 0.0, 0.0, 0.0, 0.0, 0.0, 0.0, 0.0, 0.0, 0.0, 0.0, 0.0, 0.0, 0.0, 0.0, 0.0, 0.0, 0.0, 0.0, 0.0, 0.0, 0.0, 0.0, 0.0, 0.0, 0.0, 0.0, 0.0, 0.0, 0.0, 0.0, 0.0, 0.0, 0.0, 0.0, 0.0, 0.0, 0.0, 0.0, 0.0, 0.0, 0.0, 0.0, 0.0, 0.0, 0.0, 0.0, 0.0, 0.0, 0.0, 0.0, 0.0, 0.0, 0.0, 0.0, 0.0, 0.0, 0.0, 0.0, 0.0, 0.0, 0.0, 0.0, 0.0, 0.0, 0.0, 0.0, 0.0, 0.0, 0.0, 0.0, 0.0, 0.0, 0.0, 0.0, 0.0, 0.0, 0.0, 0.0, 0.0, 0.0, 0.0, 0.0, 0.0, 0.0, 0.0, 0.0, 0.0, 0.0, 0.0, 0.0, 0.0, 0.0, 0.0, 0.0, 0.0, 0.0, 0.0, 0.0, 0.0, 0.0, 0.0, 0.0, 0.0, 0.0, 0.0, 0.0, 0.0, 0.0, 0.0, 0.0, 0.0, 0.0, 0.0, 0.0, 0.0, 0.0, 0.0, 0.0, 0.0]
new mean[0.0, 0.0, 0.0, 0.0, 0.0, 0.0, 0.0, 0.0, 0.0, 0.0, 23.571428571428573, 0.0, 0.0, 23.571428571428573, 0.0, 0.0, 0.0, 0.0, 0.0, 0.0, 0.0, 0.0, 0.0, 0.0, 0.0, 0.0, 0.0, 0.0, 0.0, 0.0, 0.0, 0.0, 56.142857142857146, 0.0, 0.0, 0.0, 0.0, 0.0, 10.285714285714286, 0.0, 4.285714285714286, 4.285714285714286, 6.428571428571429, 1.2857142857142858, 13.857142857142858, 36.714285714285715, 38.285714285714285, 24.142857142857142, 36.285714285714285, 44.57142857142857, 37.142857142857146, 31.142857142857142, 25.285714285714285, 41.42857142857143, 20.714285714285715, 22.428571428571427, 39.0, 23.857142857142858, 30.0, 20.571428571428573, 0.0, 42.42857142857143, 0.0, 2.4285714285714284, 0.0, 49.142857142857146, 6.714285714285714, 34.142857142857146, 27.428571428571427, 17.857142857142858, 5.571428571428571, 11.714285714285714, 23.571428571428573, 26.285714285714285, 15.714285714285714, 13.571428571428571, 14.428571428571429, 15.571428571428571, 15.0, 13.428571428571429, 19.285714285714285, 11.714285714285714, 12.571428571428571, 33.142857142857146, 19.714285714285715, 25.714285714285715, 15.0, 14.285714285714286, 6.857142857142857, 3.142857142857143, 8.857142857142858, 0.0, 0.0, 0.0, 0.0, 18.571428571428573, 0.0, 42.142857142857146, 16.285714285714285, 54.285714285714285, 15.857142857142858, 93.0, 31.571428571428573, 30.285714285714285, 21.714285714285715, 45.142857142857146, 20.714285714285715, 22.714285714285715, 38.57142857142857, 14.714285714285714, 46.285714285714285, 55.857142857142854, 33.142857142857146, 22.857142857142858, 31.714285714285715, 29.571428571428573, 49.285714285714285, 10.714285714285714, 19.142857142857142, 35.857142857142854, 19.0, 12.428571428571429, 19.142857142857142, 0.0, 0.0, 0.0, 0.0, 0.0, 0.0, 0.0, 0.0, 0.0, 0.0, 0.0, 0.0, 0.0, 0.0, 0.0, 0.0, 0.0, 0.0, 0.0, 0.0, 0.0, 0.0, 0.0, 0.0, 0.0, 0.0, 0.0, 0.0, 0.0, 0.0, 0.0, 0.0, 0.0, 0.0, 0.0, 0.0, 0.0, 0.0, 0.0, 0.0, 0.0, 0.0, 0.0, 0.0, 0.0, 0.0, 0.0, 0.0, 0.0, 0.0, 0.0, 0.0, 0.0, 0.0, 0.0, 0.0, 0.0, 0.0, 0.0, 0.0, 0.0, 0.0, 0.0, 0.0, 0.0, 0.0, 0.0, 0.0, 0.0, 0.0, 0.0, 0.0, 0.0, 0.0, 0.0, 0.0, 0.0, 0.0, 0.0, 0.0, 0.0, 0.0, 0.0, 0.0, 0.0, 0.0, 0.0, 0.0, 0.0, 0.0, 0.0, 0.0, 0.0, 0.0, 0.0, 0.0, 0.0, 0.0, 0.0, 0.0, 0.0, 0.0, 0.0, 0.0, 0.0, 0.0, 0.0, 0.0, 0.0, 0.0, 0.0, 0.0, 0.0, 0.0, 0.0, 0.0, 0.0, 0.0, 0.0, 0.0, 0.0, 0.0, 0.0, 0.0, 0.0, 0.0, 0.0, 0.0, 0.0, 0.0, 0.0, 0.0, 0.0]
old deviasi[0.0, 0.0, 0.0, 0.0, 0.0, 0.0, 0.0, 0.0, 0.0, 0.0, 6.957010852370434, 0.0, 0.0, 6.957010852370434, 0.0, 0.0, 0.0, 0.0, 0.0, 0.0, 0.0, 0.0, 0.0, 0.0, 0.0, 0.0, 0.0, 0.0, 0.0, 0.0, 0.0, 0.0, 16.133815419794537, 0.0, 0.0, 0.0, 0.0, 0.0, 7.061633427661525, 0.0, 1.2649110640673518, 1.2649110640673518, 1.8973665961010275, 1.3662601021279464, 6.501281924871945, 10.764137989949155, 10.852035139395129, 6.853223086013374, 10.068101443006356, 12.24744871391589, 10.03327796219494, 8.334666560017064, 7.0898989179442236, 11.73740459670138, 5.391351098441528, 6.047037842337906, 10.844353369380768, 7.174027227901123, 8.854377448471462, 5.718391382198319, 0.0, 13.377842377105011, 0.0, 0.816496580927726, 0.0, 12.160043859570026, 1.3662601021279464, 9.826834010334492, 7.556454194925025, 4.167333280008532, 2.16794833886788, 3.669695718539436, 6.957010852370434, 6.97614984548545, 3.5449494589721118, 3.600925806881706, 4.546060565661952, 3.8297084310253524, 3.8987177379235853, 3.2041639575194445, 5.692099788303083, 2.401388487243717, 3.8297084310253524, 8.899438184514796, 5.394441583704471, 6.572670690061994, 4.427188724235731, 3.669695718539436, 1.224744871391589, 0.983192080250175, 2.581988897471611, 0.0, 0.0, 0.0, 0.0, 5.718391382198319, 0.0, 13.075422236649441, 4.633213427705081, 16.216246996967783, 3.8987177379235853, 26.88803947235028, 8.334666560017064, 8.215838362577491, 6.2182527020592095, 12.484657250668384, 6.242328625334192, 6.705718952257593, 11.004544515789828, 3.65604522218567, 14.165686240583852, 16.00833116432399, 9.912954487269003, 6.794605703546503, 9.9079092984679, 9.09945053286186, 15.344923156101716, 3.8297084310253524, 4.9966655548141965, 10.107752800037536, 5.600595206463923, 3.6742346141747673, 5.419102016632153, 0.0, 0.0, 0.0, 0.0, 0.0, 0.0, 0.0, 0.0, 0.0, 0.0, 0.0, 0.0, 0.0, 0.0, 0.0, 0.0, 0.0, 0.0, 0.0, 0.0, 0.0, 0.0, 0.0, 0.0, 0.0, 0.0, 0.0, 0.0, 0.0, 0.0, 0.0, 0.0, 0.0, 0.0, 0.0, 0.0, 0.0, 0.0, 0.0, 0.0, 0.0, 0.0, 0.0, 0.0, 0.0, 0.0, 0.0, 0.0, 0.0, 0.0, 0.0, 0.0, 0.0, 0.0, 0.0, 0.0, 0.0, 0.0, 0.0, 0.0, 0.0, 0.0, 0.0, 0.0, 0.0, 0.0, 0.0, 0.0, 0.0, 0.0, 0.0, 0.0, 0.0, 0.0, 0.0, 0.0, 0.0, 0.0, 0.0, 0.0, 0.0, 0.0, 0.0, 0.0, 0.0, 0.0, 0.0, 0.0, 0.0, 0.0, 0.0, 0.0, 0.0, 0.0, 0.0, 0.0, 0.0, 0.0, 0.0, 0.0, 0.0, 0.0, 0.0, 0.0, 0.0, 0.0, 0.0, 0.0, 0.0, 0.0, 0.0, 0.0, 0.0, 0.0, 0.0, 0.0, 0.0, 0.0, 0.0, 0.0, 0.0, 0.0, 0.0, 0.0, 0.0, 0.0, 0.0, 0.0, 0.0, 0.0, 0.0, 0.0, 0.0]
new deviasi[0.0, 0.0, 0.0, 0.0, 0.0, 0.0, 0.0, 0.0, 0.0, 0.0, 7.590721152765896, 0.0, 0.0, 7.590721152765896, 0.0, 0.0, 0.0, 0.0, 0.0, 0.0, 0.0, 0.0, 0.0, 0.0, 0.0, 0.0, 0.0, 0.0, 0.0, 0.0, 0.0, 0.0, 17.601406870177275, 0.0, 0.0, 0.0, 0.0, 0.0, 6.447590912226719, 0.0, 1.3801311186847085, 1.3801311186847085, 2.0701966780270626, 1.2535663410560174, 5.956189257922424, 11.67210757481678, 11.382944635349352, 7.151423434733616, 10.76590738882524, 13.087616829878321, 9.957050624700928, 8.989411761039975, 7.761320457119087, 12.726051271010226, 5.6484300389366515, 6.451282633635548, 11.224972160321824, 7.267016155859557, 9.66091783079296, 5.94017796751194, 0.0, 12.921005415693507, 0.0, 0.7867957924694432, 0.0, 13.35949813713788, 1.6035674514745464, 10.854009572942333, 8.580154288767051, 4.6700667885506535, 1.9880595947760098, 3.498298906339371, 7.590721152765896, 7.674943772091226, 3.9880774697543058, 3.8234863173611093, 5.061526214398936, 4.2370250120079485, 4.43471156521669, 3.5523298860110977, 6.2105900340811875, 2.627691364061218, 4.2370250120079485, 9.906707684334748, 5.879747322073336, 7.521398046336104, 4.83045891539648, 3.728908942943218, 1.4638501094227998, 0.8997354108424374, 2.734262327610589, 0.0, 0.0, 0.0, 0.0, 5.94017796751194, 0.0, 13.031098334734637, 4.923220007078217, 17.3945804367748, 4.220133150686577, 28.994252303976847, 9.126100716391107, 8.864052604279182, 6.317021600783229, 13.14570362550152, 7.016986193380691, 7.3646517390909425, 11.443442705426587, 3.638419332360584, 14.67099503231104, 16.8763006553428, 10.237652260627131, 6.768273325562718, 9.92831448793946, 9.289010404005062, 15.628118736370519, 3.638419332360584, 5.727959829601096, 10.668154658117954, 5.5677643628300215, 4.157609203101499, 6.03955217513604, 0.0, 0.0, 0.0, 0.0, 0.0, 0.0, 0.0, 0.0, 0.0, 0.0, 0.0, 0.0, 0.0, 0.0, 0.0, 0.0, 0.0, 0.0, 0.0, 0.0, 0.0, 0.0, 0.0, 0.0, 0.0, 0.0, 0.0, 0.0, 0.0, 0.0, 0.0, 0.0, 0.0, 0.0, 0.0, 0.0, 0.0, 0.0, 0.0, 0.0, 0.0, 0.0, 0.0, 0.0, 0.0, 0.0, 0.0, 0.0, 0.0, 0.0, 0.0, 0.0, 0.0, 0.0, 0.0, 0.0, 0.0, 0.0, 0.0, 0.0, 0.0, 0.0, 0.0, 0.0, 0.0, 0.0, 0.0, 0.0, 0.0, 0.0, 0.0, 0.0, 0.0, 0.0, 0.0, 0.0, 0.0, 0.0, 0.0, 0.0, 0.0, 0.0, 0.0, 0.0, 0.0, 0.0, 0.0, 0.0, 0.0, 0.0, 0.0, 0.0, 0.0, 0.0, 0.0, 0.0, 0.0, 0.0, 0.0, 0.0, 0.0, 0.0, 0.0, 0.0, 0.0, 0.0, 0.0, 0.0, 0.0, 0.0, 0.0, 0.0, 0.0, 0.0, 0.0, 0.0, 0.0, 0.0, 0.0, 0.0, 0.0, 0.0, 0.0, 0.0, 0.0, 0.0, 0.0, 0.0, 0.0, 0.0, 0.0, 0.0, 0.0]
old sum [0.0, 0.0, 0.0, 0.0, 0.0, 0.0, 0.0, 0.0, 0.0, 0.0, 165.0, 0.0, 0.0, 165.0, 0.0, 0.0, 0.0, 0.0, 0.0, 0.0, 0.0, 0.0, 0.0, 0.0, 0.0, 0.0, 0.0, 0.0, 0.0, 0.0, 0.0, 0.0, 393.0, 0.0, 0.0, 0.0, 0.0, 0.0, 72.0, 0.0, 30.0, 30.0, 45.0, 9.0, 97.0, 257.0, 268.0, 169.0, 254.0, 312.0, 260.0, 218.0, 177.0, 290.0, 145.0, 157.0, 273.0, 167.0, 210.0, 144.0, 0.0, 297.0, 0.0, 17.0, 0.0, 344.0, 47.0, 239.0, 192.0, 125.0, 39.0, 82.0, 165.0, 184.0, 110.0, 95.0, 101.0, 109.0, 105.0, 94.0, 135.0, 82.0, 88.0, 232.0, 138.0, 180.0, 105.0, 100.0, 48.0, 22.0, 62.0, 0.0, 0.0, 0.0, 0.0, 130.0, 0.0, 295.0, 114.0, 380.0, 111.0, 651.0, 221.0, 212.0, 152.0, 316.0, 145.0, 159.0, 270.0, 103.0, 324.0, 391.0, 232.0, 160.0, 222.0, 207.0, 345.0, 75.0, 134.0, 251.0, 133.0, 87.0, 134.0, 0.0, 0.0, 0.0, 0.0, 0.0, 0.0, 0.0, 0.0, 0.0, 0.0, 0.0, 0.0, 0.0, 0.0, 0.0, 0.0, 0.0, 0.0, 0.0, 0.0, 0.0, 0.0, 0.0, 0.0, 0.0, 0.0, 0.0, 0.0, 0.0, 0.0, 0.0, 0.0, 0.0, 0.0, 0.0, 0.0, 0.0, 0.0, 0.0, 0.0, 0.0, 0.0, 0.0, 0.0, 0.0, 0.0, 0.0, 0.0, 0.0, 0.0, 0.0, 0.0, 0.0, 0.0, 0.0, 0.0, 0.0, 0.0, 0.0, 0.0, 0.0, 0.0, 0.0, 0.0, 0.0, 0.0, 0.0, 0.0, 0.0, 0.0, 0.0, 0.0, 0.0, 0.0, 0.0, 0.0, 0.0, 0.0, 0.0, 0.0, 0.0, 0.0, 0.0, 0.0, 0.0, 0.0, 0.0, 0.0, 0.0, 0.0, 0.0, 0.0, 0.0, 0.0, 0.0, 0.0, 0.0, 0.0, 0.0, 0.0, 0.0, 0.0, 0.0, 0.0, 0.0, 0.0, 0.0, 0.0, 0.0, 0.0, 0.0, 0.0, 0.0, 0.0, 0.0, 0.0, 0.0, 0.0, 0.0, 0.0, 0.0, 0.0, 0.0, 0.0, 0.0, 0.0, 0.0, 0.0, 0.0, 0.0, 0.0, 0.0, 0.0]
new sum [0.0, 0.0, 0.0, 0.0, 0.0, 0.0, 0.0, 0.0, 0.0, 0.0, 176.0, 0.0, 0.0, 176.0, 0.0, 0.0, 0.0, 0.0, 0.0, 0.0, 0.0, 0.0, 0.0, 0.0, 0.0, 0.0, 0.0, 0.0, 0.0, 0.0, 0.0, 0.0, 420.0, 0.0, 0.0, 0.0, 0.0, 0.0, 78.0, 0.0, 32.0, 32.0, 48.0, 10.0, 102.0, 274.0, 286.0, 180.0, 272.0, 334.0, 280.0, 234.0, 190.0, 310.0, 156.0, 168.0, 292.0, 178.0, 224.0, 154.0, 0.0, 320.0, 0.0, 18.0, 0.0, 372.0, 52.0, 256.0, 208.0, 136.0, 42.0, 90.0, 176.0, 198.0, 120.0, 102.0, 108.0, 118.0, 114.0, 102.0, 144.0, 90.0, 94.0, 250.0, 148.0, 196.0, 112.0, 108.0, 54.0, 26.0, 66.0, 0.0, 0.0, 0.0, 0.0, 138.0, 0.0, 316.0, 122.0, 404.0, 120.0, 696.0, 238.0, 228.0, 164.0, 338.0, 156.0, 170.0, 288.0, 112.0, 344.0, 418.0, 246.0, 172.0, 240.0, 220.0, 366.0, 80.0, 146.0, 268.0, 142.0, 94.0, 144.0, 0.0, 0.0, 0.0, 0.0, 0.0, 0.0, 0.0, 0.0, 0.0, 0.0, 0.0, 0.0, 0.0, 0.0, 0.0, 0.0, 0.0, 0.0, 0.0, 0.0, 0.0, 0.0, 0.0, 0.0, 0.0, 0.0, 0.0, 0.0, 0.0, 0.0, 0.0, 0.0, 0.0, 0.0, 0.0, 0.0, 0.0, 0.0, 0.0, 0.0, 0.0, 0.0, 0.0, 0.0, 0.0, 0.0, 0.0, 0.0, 0.0, 0.0, 0.0, 0.0, 0.0, 0.0, 0.0, 0.0, 0.0, 0.0, 0.0, 0.0, 0.0, 0.0, 0.0, 0.0, 0.0, 0.0, 0.0, 0.0, 0.0, 0.0, 0.0, 0.0, 0.0, 0.0, 0.0, 0.0, 0.0, 0.0, 0.0, 0.0, 0.0, 0.0, 0.0, 0.0, 0.0, 0.0, 0.0, 0.0, 0.0, 0.0, 0.0, 0.0, 0.0, 0.0, 0.0, 0.0, 0.0, 0.0, 0.0, 0.0, 0.0, 0.0, 0.0, 0.0, 0.0, 0.0, 0.0, 0.0, 0.0, 0.0, 0.0, 0.0, 0.0, 0.0, 0.0, 0.0, 0.0, 0.0, 0.0, 0.0, 0.0, 0.0, 0.0, 0.0, 0.0, 0.0, 0.0, 0.0, 0.0, 0.0, 0.0, 0.0, 0.0]
old kuadrat [0.0, 0.0, 0.0, 0.0, 0.0, 0.0, 0.0, 0.0, 0.0, 0.0, 4235.0, 0.0, 0.0, 4235.0, 0.0, 0.0, 0.0, 0.0, 0.0, 0.0, 0.0, 0.0, 0.0, 0.0, 0.0, 0.0, 0.0, 0.0, 0.0, 0.0, 0.0, 0.0, 23923.0, 0.0, 0.0, 0.0, 0.0, 0.0, 990.0, 0.0, 140.0, 140.0, 315.0, 21.0, 1557.0, 10253.0, 11038.0, 4387.0, 9912.0, 14934.0, 10252.0, 7274.0, 4837.0, 12986.0, 3195.0, 3771.0, 11403.0, 4301.0, 6860.0, 3174.0, 0.0, 13603.0, 0.0, 45.0, 0.0, 17976.0, 331.0, 8867.0, 5708.0, 2363.0, 241.0, 1034.0, 4235.0, 5190.0, 1824.0, 1377.0, 1611.0, 1805.0, 1693.0, 1338.0, 2835.0, 1002.0, 1214.0, 8278.0, 2928.0, 4968.0, 1715.0, 1512.0, 342.0, 74.0, 594.0, 0.0, 0.0, 0.0, 0.0, 2626.0, 0.0, 13451.0, 2002.0, 22444.0, 1867.0, 65587.0, 7477.0, 6892.0, 3540.0, 15302.0, 3299.0, 3937.0, 11200.0, 1595.0, 16288.0, 23549.0, 8318.0, 3932.0, 7632.0, 6639.0, 18469.0, 883.0, 2762.0, 9683.0, 2713.0, 1185.0, 2784.0, 0.0, 0.0, 0.0, 0.0, 0.0, 0.0, 0.0, 0.0, 0.0, 0.0, 0.0, 0.0, 0.0, 0.0, 0.0, 0.0, 0.0, 0.0, 0.0, 0.0, 0.0, 0.0, 0.0, 0.0, 0.0, 0.0, 0.0, 0.0, 0.0, 0.0, 0.0, 0.0, 0.0, 0.0, 0.0, 0.0, 0.0, 0.0, 0.0, 0.0, 0.0, 0.0, 0.0, 0.0, 0.0, 0.0, 0.0, 0.0, 0.0, 0.0, 0.0, 0.0, 0.0, 0.0, 0.0, 0.0, 0.0, 0.0, 0.0, 0.0, 0.0, 0.0, 0.0, 0.0, 0.0, 0.0, 0.0, 0.0, 0.0, 0.0, 0.0, 0.0, 0.0, 0.0, 0.0, 0.0, 0.0, 0.0, 0.0, 0.0, 0.0, 0.0, 0.0, 0.0, 0.0, 0.0, 0.0, 0.0, 0.0, 0.0, 0.0, 0.0, 0.0, 0.0, 0.0, 0.0, 0.0, 0.0, 0.0, 0.0, 0.0, 0.0, 0.0, 0.0, 0.0, 0.0, 0.0, 0.0, 0.0, 0.0, 0.0, 0.0, 0.0, 0.0, 0.0, 0.0, 0.0, 0.0, 0.0, 0.0, 0.0, 0.0, 0.0, 0.0, 0.0, 0.0, 0.0, 0.0, 0.0, 0.0, 0.0, 0.0, 0.0]
new kuadrat [0.0, 0.0, 0.0, 0.0, 0.0, 0.0, 0.0, 0.0, 0.0, 0.0, 4356.0, 0.0, 0.0, 4356.0, 0.0, 0.0, 0.0, 0.0, 0.0, 0.0, 0.0, 0.0, 0.0, 0.0, 0.0, 0.0, 0.0, 0.0, 0.0, 0.0, 0.0, 0.0, 24652.0, 0.0, 0.0, 0.0, 0.0, 0.0, 1026.0, 0.0, 144.0, 144.0, 324.0, 22.0, 1582.0, 10542.0, 11362.0, 4508.0, 10236.0, 15418.0, 10652.0, 7530.0, 5006.0, 13386.0, 3316.0, 3892.0, 11764.0, 4422.0, 7056.0, 3274.0, 0.0, 14132.0, 0.0, 46.0, 0.0, 18760.0, 356.0, 9156.0, 5964.0, 2484.0, 250.0, 1098.0, 4356.0, 5386.0, 1924.0, 1426.0, 1660.0, 1886.0, 1774.0, 1402.0, 2916.0, 1066.0, 1250.0, 8602.0, 3028.0, 5224.0, 1764.0, 1576.0, 378.0, 90.0, 610.0, 0.0, 0.0, 0.0, 0.0, 2690.0, 0.0, 13892.0, 2066.0, 23020.0, 1948.0, 67612.0, 7766.0, 7148.0, 3684.0, 15786.0, 3420.0, 4058.0, 11524.0, 1676.0, 16688.0, 24278.0, 8514.0, 4076.0, 7956.0, 6808.0, 18910.0, 908.0, 2906.0, 9972.0, 2794.0, 1234.0, 2884.0, 0.0, 0.0, 0.0, 0.0, 0.0, 0.0, 0.0, 0.0, 0.0, 0.0, 0.0, 0.0, 0.0, 0.0, 0.0, 0.0, 0.0, 0.0, 0.0, 0.0, 0.0, 0.0, 0.0, 0.0, 0.0, 0.0, 0.0, 0.0, 0.0, 0.0, 0.0, 0.0, 0.0, 0.0, 0.0, 0.0, 0.0, 0.0, 0.0, 0.0, 0.0, 0.0, 0.0, 0.0, 0.0, 0.0, 0.0, 0.0, 0.0, 0.0, 0.0, 0.0, 0.0, 0.0, 0.0, 0.0, 0.0, 0.0, 0.0, 0.0, 0.0, 0.0, 0.0, 0.0, 0.0, 0.0, 0.0, 0.0, 0.0, 0.0, 0.0, 0.0, 0.0, 0.0, 0.0, 0.0, 0.0, 0.0, 0.0, 0.0, 0.0, 0.0, 0.0, 0.0, 0.0, 0.0, 0.0, 0.0, 0.0, 0.0, 0.0, 0.0, 0.0, 0.0, 0.0, 0.0, 0.0, 0.0, 0.0, 0.0, 0.0, 0.0, 0.0, 0.0, 0.0, 0.0, 0.0, 0.0, 0.0, 0.0, 0.0, 0.0, 0.0, 0.0, 0.0, 0.0, 0.0, 0.0, 0.0, 0.0, 0.0, 0.0, 0.0, 0.0, 0.0, 0.0, 0.0, 0.0, 0.0, 0.0, 0.0, 0.0, 0.0]
old mean [0.0, 0.0, 0.0, 0.0, 0.0, 0.0, 0.0, 0.0, 0.0, 0.0, 23.571428571428573, 0.0, 0.0, 23.571428571428573, 0.0, 0.0, 0.0, 0.0, 0.0, 0.0, 0.0, 0.0, 0.0, 0.0, 0.0, 0.0, 0.0, 0.0, 0.0, 0.0, 0.0, 0.0, 56.142857142857146, 0.0, 0.0, 0.0, 0.0, 0.0, 10.285714285714286, 0.0, 4.285714285714286, 4.285714285714286, 6.428571428571429, 1.2857142857142858, 13.857142857142858, 36.714285714285715, 38.285714285714285, 24.142857142857142, 36.285714285714285, 44.57142857142857, 37.142857142857146, 31.142857142857142, 25.285714285714285, 41.42857142857143, 20.714285714285715, 22.428571428571427, 39.0, 23.857142857142858, 30.0, 20.571428571428573, 0.0, 42.42857142857143, 0.0, 2.4285714285714284, 0.0, 49.142857142857146, 6.714285714285714, 34.142857142857146, 27.428571428571427, 17.857142857142858, 5.571428571428571, 11.714285714285714, 23.571428571428573, 26.285714285714285, 15.714285714285714, 13.571428571428571, 14.428571428571429, 15.571428571428571, 15.0, 13.428571428571429, 19.285714285714285, 11.714285714285714, 12.571428571428571, 33.142857142857146, 19.714285714285715, 25.714285714285715, 15.0, 14.285714285714286, 6.857142857142857, 3.142857142857143, 8.857142857142858, 0.0, 0.0, 0.0, 0.0, 18.571428571428573, 0.0, 42.142857142857146, 16.285714285714285, 54.285714285714285, 15.857142857142858, 93.0, 31.571428571428573, 30.285714285714285, 21.714285714285715, 45.142857142857146, 20.714285714285715, 22.714285714285715, 38.57142857142857, 14.714285714285714, 46.285714285714285, 55.857142857142854, 33.142857142857146, 22.857142857142858, 31.714285714285715, 29.571428571428573, 49.285714285714285, 10.714285714285714, 19.142857142857142, 35.857142857142854, 19.0, 12.428571428571429, 19.142857142857142, 0.0, 0.0, 0.0, 0.0, 0.0, 0.0, 0.0, 0.0, 0.0, 0.0, 0.0, 0.0, 0.0, 0.0, 0.0, 0.0, 0.0, 0.0, 0.0, 0.0, 0.0, 0.0, 0.0, 0.0, 0.0, 0.0, 0.0, 0.0, 0.0, 0.0, 0.0, 0.0, 0.0, 0.0, 0.0, 0.0, 0.0, 0.0, 0.0, 0.0, 0.0, 0.0, 0.0, 0.0, 0.0, 0.0, 0.0, 0.0, 0.0, 0.0, 0.0, 0.0, 0.0, 0.0, 0.0, 0.0, 0.0, 0.0, 0.0, 0.0, 0.0, 0.0, 0.0, 0.0, 0.0, 0.0, 0.0, 0.0, 0.0, 0.0, 0.0, 0.0, 0.0, 0.0, 0.0, 0.0, 0.0, 0.0, 0.0, 0.0, 0.0, 0.0, 0.0, 0.0, 0.0, 0.0, 0.0, 0.0, 0.0, 0.0, 0.0, 0.0, 0.0, 0.0, 0.0, 0.0, 0.0, 0.0, 0.0, 0.0, 0.0, 0.0, 0.0, 0.0, 0.0, 0.0, 0.0, 0.0, 0.0, 0.0, 0.0, 0.0, 0.0, 0.0, 0.0, 0.0, 0.0, 0.0, 0.0, 0.0, 0.0, 0.0, 0.0, 0.0, 0.0, 0.0, 0.0, 0.0, 0.0, 0.0, 0.0, 0.0, 0.0]
new mean[0.0, 0.0, 0.0, 0.0, 0.0, 0.0, 0.0, 0.0, 0.0, 0.0, 22.0, 0.0, 0.0, 22.0, 0.0, 0.0, 0.0, 0.0, 0.0, 0.0, 0.0, 0.0, 0.0, 0.0, 0.0, 0.0, 0.0, 0.0, 0.0, 0.0, 0.0, 0.0, 52.5, 0.0, 0.0, 0.0, 0.0, 0.0, 9.75, 0.0, 4.0, 4.0, 6.0, 1.25, 12.75, 34.25, 35.75, 22.5, 34.0, 41.75, 35.0, 29.25, 23.75, 38.75, 19.5, 21.0, 36.5, 22.25, 28.0, 19.25, 0.0, 40.0, 0.0, 2.25, 0.0, 46.5, 6.5, 32.0, 26.0, 17.0, 5.25, 11.25, 22.0, 24.75, 15.0, 12.75, 13.5, 14.75, 14.25, 12.75, 18.0, 11.25, 11.75, 31.250000000000004, 18.5, 24.5, 14.0, 13.5, 6.75, 3.25, 8.25, 0.0, 0.0, 0.0, 0.0, 17.25, 0.0, 39.5, 15.25, 50.5, 15.0, 87.0, 29.75, 28.5, 20.5, 42.25, 19.5, 21.25, 36.0, 14.0, 43.0, 52.25, 30.750000000000004, 21.5, 30.0, 27.5, 45.75, 10.0, 18.25, 33.5, 17.75, 11.75, 18.0, 0.0, 0.0, 0.0, 0.0, 0.0, 0.0, 0.0, 0.0, 0.0, 0.0, 0.0, 0.0, 0.0, 0.0, 0.0, 0.0, 0.0, 0.0, 0.0, 0.0, 0.0, 0.0, 0.0, 0.0, 0.0, 0.0, 0.0, 0.0, 0.0, 0.0, 0.0, 0.0, 0.0, 0.0, 0.0, 0.0, 0.0, 0.0, 0.0, 0.0, 0.0, 0.0, 0.0, 0.0, 0.0, 0.0, 0.0, 0.0, 0.0, 0.0, 0.0, 0.0, 0.0, 0.0, 0.0, 0.0, 0.0, 0.0, 0.0, 0.0, 0.0, 0.0, 0.0, 0.0, 0.0, 0.0, 0.0, 0.0, 0.0, 0.0, 0.0, 0.0, 0.0, 0.0, 0.0, 0.0, 0.0, 0.0, 0.0, 0.0, 0.0, 0.0, 0.0, 0.0, 0.0, 0.0, 0.0, 0.0, 0.0, 0.0, 0.0, 0.0, 0.0, 0.0, 0.0, 0.0, 0.0, 0.0, 0.0, 0.0, 0.0, 0.0, 0.0, 0.0, 0.0, 0.0, 0.0, 0.0, 0.0, 0.0, 0.0, 0.0, 0.0, 0.0, 0.0, 0.0, 0.0, 0.0, 0.0, 0.0, 0.0, 0.0, 0.0, 0.0, 0.0, 0.0, 0.0, 0.0, 0.0, 0.0, 0.0, 0.0, 0.0]
old deviasi[0.0, 0.0, 0.0, 0.0, 0.0, 0.0, 0.0, 0.0, 0.0, 0.0, 7.590721152765896, 0.0, 0.0, 7.590721152765896, 0.0, 0.0, 0.0, 0.0, 0.0, 0.0, 0.0, 0.0, 0.0, 0.0, 0.0, 0.0, 0.0, 0.0, 0.0, 0.0, 0.0, 0.0, 17.601406870177275, 0.0, 0.0, 0.0, 0.0, 0.0, 6.447590912226719, 0.0, 1.3801311186847085, 1.3801311186847085, 2.0701966780270626, 1.2535663410560174, 5.956189257922424, 11.67210757481678, 11.382944635349352, 7.151423434733616, 10.76590738882524, 13.087616829878321, 9.957050624700928, 8.989411761039975, 7.761320457119087, 12.726051271010226, 5.6484300389366515, 6.451282633635548, 11.224972160321824, 7.267016155859557, 9.66091783079296, 5.94017796751194, 0.0, 12.921005415693507, 0.0, 0.7867957924694432, 0.0, 13.35949813713788, 1.6035674514745464, 10.854009572942333, 8.580154288767051, 4.6700667885506535, 1.9880595947760098, 3.498298906339371, 7.590721152765896, 7.674943772091226, 3.9880774697543058, 3.8234863173611093, 5.061526214398936, 4.2370250120079485, 4.43471156521669, 3.5523298860110977, 6.2105900340811875, 2.627691364061218, 4.2370250120079485, 9.906707684334748, 5.879747322073336, 7.521398046336104, 4.83045891539648, 3.728908942943218, 1.4638501094227998, 0.8997354108424374, 2.734262327610589, 0.0, 0.0, 0.0, 0.0, 5.94017796751194, 0.0, 13.031098334734637, 4.923220007078217, 17.3945804367748, 4.220133150686577, 28.994252303976847, 9.126100716391107, 8.864052604279182, 6.317021600783229, 13.14570362550152, 7.016986193380691, 7.3646517390909425, 11.443442705426587, 3.638419332360584, 14.67099503231104, 16.8763006553428, 10.237652260627131, 6.768273325562718, 9.92831448793946, 9.289010404005062, 15.628118736370519, 3.638419332360584, 5.727959829601096, 10.668154658117954, 5.5677643628300215, 4.157609203101499, 6.03955217513604, 0.0, 0.0, 0.0, 0.0, 0.0, 0.0, 0.0, 0.0, 0.0, 0.0, 0.0, 0.0, 0.0, 0.0, 0.0, 0.0, 0.0, 0.0, 0.0, 0.0, 0.0, 0.0, 0.0, 0.0, 0.0, 0.0, 0.0, 0.0, 0.0, 0.0, 0.0, 0.0, 0.0, 0.0, 0.0, 0.0, 0.0, 0.0, 0.0, 0.0, 0.0, 0.0, 0.0, 0.0, 0.0, 0.0, 0.0, 0.0, 0.0, 0.0, 0.0, 0.0, 0.0, 0.0, 0.0, 0.0, 0.0, 0.0, 0.0, 0.0, 0.0, 0.0, 0.0, 0.0, 0.0, 0.0, 0.0, 0.0, 0.0, 0.0, 0.0, 0.0, 0.0, 0.0, 0.0, 0.0, 0.0, 0.0, 0.0, 0.0, 0.0, 0.0, 0.0, 0.0, 0.0, 0.0, 0.0, 0.0, 0.0, 0.0, 0.0, 0.0, 0.0, 0.0, 0.0, 0.0, 0.0, 0.0, 0.0, 0.0, 0.0, 0.0, 0.0, 0.0, 0.0, 0.0, 0.0, 0.0, 0.0, 0.0, 0.0, 0.0, 0.0, 0.0, 0.0, 0.0, 0.0, 0.0, 0.0, 0.0, 0.0, 0.0, 0.0, 0.0, 0.0, 0.0, 0.0, 0.0, 0.0, 0.0, 0.0, 0.0, 0.0]
new deviasi[0.0, 0.0, 0.0, 0.0, 0.0, 0.0, 0.0, 0.0, 0.0, 0.0, 8.315218406202998, 0.0, 0.0, 8.315218406202998, 0.0, 0.0, 0.0, 0.0, 0.0, 0.0, 0.0, 0.0, 0.0, 0.0, 0.0, 0.0, 0.0, 0.0, 0.0, 0.0, 0.0, 0.0, 19.279893301423783, 0.0, 0.0, 0.0, 0.0, 0.0, 6.158617655657106, 0.0, 1.5118578920369088, 1.5118578920369088, 2.2677868380553634, 1.164964745021435, 6.341473465550866, 12.859126831054388, 12.747548783981962, 8.088792952509753, 11.88035593502388, 14.508618128546908, 11.032419757890183, 9.895886591335383, 8.396427811873332, 14.007650970604805, 6.25642526870234, 7.211102550927978, 12.569805089976535, 8.11964108988639, 10.583005244258363, 6.649382355849731, 0.0, 13.794408805226642, 0.0, 0.8864052604279183, 0.0, 14.451890632617687, 1.6035674514745464, 11.7351730159502, 8.91227083456127, 4.956957592256421, 2.052872551885702, 3.494894235064305, 8.315218406202998, 8.32809359080113, 4.20883424647321, 4.234214381508266, 5.3718844791323335, 4.5591352563522705, 4.621378891320518, 3.8078865529319543, 6.80336051416609, 2.7645717829090897, 4.5591352563522705, 10.620061877678223, 6.436503043467892, 7.764387566686396, 5.291502622129181, 4.105745103771404, 1.3887301496588271, 0.8864052604279183, 3.058944729337694, 0.0, 0.0, 0.0, 0.0, 6.649382355849731, 0.0, 14.19255337945119, 5.4182232195751086, 19.339079605813716, 4.59813626840888, 31.758013611865408, 9.895886591335383, 9.636241116594315, 6.782329983125268, 14.665313790418145, 7.3484692283495345, 7.977647343851265, 12.850792082313726, 3.927922024247863, 16.457738084473906, 18.660500682304473, 11.646581350029592, 7.3484692283495345, 10.392304845413264, 10.406042200842466, 17.588551471259446, 3.927922024247863, 5.873670062235365, 11.916375287812984, 6.250714244902623, 4.301162633521313, 6.458659745975609, 0.0, 0.0, 0.0, 0.0, 0.0, 0.0, 0.0, 0.0, 0.0, 0.0, 0.0, 0.0, 0.0, 0.0, 0.0, 0.0, 0.0, 0.0, 0.0, 0.0, 0.0, 0.0, 0.0, 0.0, 0.0, 0.0, 0.0, 0.0, 0.0, 0.0, 0.0, 0.0, 0.0, 0.0, 0.0, 0.0, 0.0, 0.0, 0.0, 0.0, 0.0, 0.0, 0.0, 0.0, 0.0, 0.0, 0.0, 0.0, 0.0, 0.0, 0.0, 0.0, 0.0, 0.0, 0.0, 0.0, 0.0, 0.0, 0.0, 0.0, 0.0, 0.0, 0.0, 0.0, 0.0, 0.0, 0.0, 0.0, 0.0, 0.0, 0.0, 0.0, 0.0, 0.0, 0.0, 0.0, 0.0, 0.0, 0.0, 0.0, 0.0, 0.0, 0.0, 0.0, 0.0, 0.0, 0.0, 0.0, 0.0, 0.0, 0.0, 0.0, 0.0, 0.0, 0.0, 0.0, 0.0, 0.0, 0.0, 0.0, 0.0, 0.0, 0.0, 0.0, 0.0, 0.0, 0.0, 0.0, 0.0, 0.0, 0.0, 0.0, 0.0, 0.0, 0.0, 0.0, 0.0, 0.0, 0.0, 0.0, 0.0, 0.0, 0.0, 0.0, 0.0, 0.0, 0.0, 0.0, 0.0, 0.0, 0.0, 0.0, 0.0]
Total time is : 0 hour 0 minutes 0 seconds
Total attack packet: 2
Total free packet: 12
1) Training Dataset
2) Sniffer Testing
3) Pcap Testing
Type(1 or 2 or 3): ?
