Port tujuan : 80
Total paket data : 4
Jumlah setiap variabel:
[88.0, 88.0, 210.0, 39.0, 16.0, 16.0, 24.0, 5.0, 51.0, 137.0, 143.0, 90.0, 136.0, 167.0, 140.0, 117.0, 95.0, 155.0, 78.0, 84.0, 146.0, 89.0, 112.0, 77.0, 160.0, 9.0, 186.0, 26.0, 128.0, 104.0, 68.0, 21.0, 45.0, 88.0, 99.0, 60.0, 51.0, 54.0, 59.0, 57.0, 51.0, 72.0, 45.0, 47.0, 125.0, 74.0, 98.0, 56.0, 54.0, 27.0, 13.0, 33.0, 69.0, 158.0, 61.0, 202.0, 60.0, 348.0, 119.0, 114.0, 82.0, 169.0, 78.0, 85.0, 144.0, 56.0, 172.0, 209.0, 123.0, 86.0, 120.0, 110.0, 183.0, 40.0, 73.0, 134.0, 71.0, 47.0, 72.0]
Rata-rata setiap variabel: 
[22.0, 22.0, 52.5, 9.75, 4.0, 4.0, 6.0, 1.25, 12.75, 34.25, 35.75, 22.5, 34.0, 41.75, 35.0, 29.25, 23.75, 38.75, 19.5, 21.0, 36.5, 22.25, 28.0, 19.25, 40.0, 2.25, 46.5, 6.5, 32.0, 26.0, 17.0, 5.25, 11.25, 22.0, 24.75, 15.0, 12.75, 13.5, 14.75, 14.25, 12.75, 18.0, 11.25, 11.75, 31.25, 18.5, 24.5, 14.0, 13.5, 6.75, 3.25, 8.25, 17.25, 39.5, 15.25, 50.5, 15.0, 87.0, 29.75, 28.5, 20.5, 42.25, 19.5, 21.25, 36.0, 14.0, 43.0, 52.25, 30.75, 21.5, 30.0, 27.5, 45.75, 10.0, 18.25, 33.5, 17.75, 11.75, 18.0]
Standar deviasi setiap variabel:
[8.981462390204987, 8.981462390204987, 20.8246648632497, 6.652067347825035, 1.632993161855452, 1.632993161855452, 2.449489742783178, 1.2583057392117916, 6.849574196011505, 13.889444433333777, 13.768926368215256, 8.736894948054104, 12.832251036613439, 15.671098663888673, 11.916375287812984, 10.688779163215974, 9.069178573608527, 15.129992289048486, 6.757711644237764, 7.788880963698615, 13.576941236277534, 8.770214744615247, 11.430952132988164, 7.182153808805081, 14.89966442575134, 0.9574271077563381, 15.609825965290794, 1.7320508075688772, 12.675435561221029, 9.626352718795768, 5.354126134736337, 2.217355782608345, 3.774917217635375, 8.981462390204987, 8.99536917900909, 4.546060565661952, 4.573474244670748, 5.802298395176403, 4.924428900898052, 4.9916597106239795, 4.112987559751022, 7.3484692283495345, 2.9860788111948193, 4.924428900898052, 11.470977871713176, 6.95221787153807, 8.386497083606082, 5.715476066494082, 4.43471156521669, 1.5, 0.9574271077563381, 3.304037933599835, 7.182153808805081, 15.329709716755891, 5.852349955359813, 20.888593378524398, 4.96655480858378, 34.30257521916783, 10.688779163215974, 10.408329997330663, 7.32575365861197, 15.840349322747484, 7.937253933193772, 8.616843969807043, 13.880441875771343, 4.242640687119285, 17.776388834631177, 20.155644370746373, 12.579745625409124, 7.937253933193772, 11.224972160321824, 11.239810200058244, 18.997806890972093, 4.242640687119285, 6.34428877022476, 12.871156384205214, 6.751543033509698, 4.645786621588784, 6.97614984548545]
Jumlah kuadrat setiap variabel: 
[2178.0, 2178.0, 12326.0, 513.0, 72.0, 72.0, 162.0, 11.0, 791.0, 5271.0, 5681.0, 2254.0, 5118.0, 7709.0, 5326.0, 3765.0, 2503.0, 6693.0, 1658.0, 1946.0, 5882.0, 2211.0, 3528.0, 1637.0, 7066.0, 23.0, 9380.0, 178.0, 4578.0, 2982.0, 1242.0, 125.0, 549.0, 2178.0, 2693.0, 962.0, 713.0, 830.0, 943.0, 887.0, 701.0, 1458.0, 533.0, 625.0, 4301.0, 1514.0, 2612.0, 882.0, 788.0, 189.0, 45.0, 305.0, 1345.0, 6946.0, 1033.0, 11510.0, 974.0, 33806.0, 3883.0, 3574.0, 1842.0, 7893.0, 1710.0, 2029.0, 5762.0, 838.0, 8344.0, 12139.0, 4257.0, 2038.0, 3978.0, 3404.0, 9455.0, 454.0, 1453.0, 4986.0, 1397.0, 617.0, 1442.0]

443
2
[16.0, 22.0, 16.0, 15.0, 13.0, 16.0, 11.0, 13.0, 12.0, 16.0, 14.0, 15.0, 13.0, 15.0, 14.0, 22.0, 8.0, 17.0, 10.0, 14.0, 15.0, 17.0, 11.0, 13.0, 14.0, 12.0, 14.0, 13.0, 12.0, 17.0, 11.0, 9.0, 14.0, 22.0, 10.0, 20.0, 16.0, 15.0, 14.0, 20.0, 14.0, 19.0, 13.0, 12.0, 16.0, 16.0, 21.0, 7.0, 16.0, 15.0, 11.0, 18.0, 10.0, 16.0, 7.0, 19.0, 16.0, 22.0, 11.0, 17.0, 11.0, 17.0, 8.0, 14.0, 17.0, 13.0, 13.0, 10.0, 11.0, 15.0, 11.0, 16.0, 19.0, 16.0, 21.0, 19.0, 11.0, 22.0, 21.0, 7.0, 13.0, 18.0, 17.0, 14.0, 13.0, 13.0, 15.0, 9.0, 15.0, 23.0, 15.0, 20.0, 17.0, 9.0, 12.0, 15.0, 14.0, 10.0, 11.0, 5.0, 16.0, 9.0, 21.0, 8.0, 16.0, 8.0, 8.0, 13.0, 17.0, 18.0, 10.0, 16.0, 14.0, 13.0, 13.0, 12.0, 11.0, 15.0, 17.0, 16.0, 13.0, 15.0, 13.0, 12.0, 15.0, 5.0, 10.0, 15.0, 13.0, 14.0, 15.0, 8.0, 12.0, 16.0, 8.0, 10.0, 17.0, 24.0, 11.0, 15.0, 11.0, 13.0, 11.0, 16.0, 14.0, 14.0, 11.0, 21.0, 19.0, 15.0, 9.0, 7.0, 4.0, 7.0, 19.0, 14.0, 14.0, 24.0, 17.0, 12.0, 12.0, 14.0, 15.0, 14.0, 8.0, 11.0, 13.0, 10.0, 13.0, 21.0, 11.0, 17.0, 8.0, 17.0, 13.0, 8.0, 13.0, 14.0, 18.0, 11.0, 16.0, 11.0, 16.0, 19.0, 19.0, 8.0, 15.0, 13.0, 11.0, 14.0, 12.0, 11.0, 19.0, 17.0, 6.0, 16.0, 19.0, 14.0, 11.0, 17.0, 12.0, 14.0, 18.0, 14.0, 11.0, 24.0, 18.0, 19.0, 21.0, 16.0, 17.0, 12.0, 12.0, 17.0, 11.0, 15.0, 11.0, 14.0, 15.0, 19.0, 8.0, 17.0, 15.0, 14.0, 17.0, 14.0, 12.0, 14.0, 9.0, 16.0, 18.0, 18.0, 22.0, 14.0, 12.0, 10.0, 14.0, 13.0, 15.0, 14.0, 8.0, 16.0, 18.0, 13.0, 8.0, 13.0, 11.0, 12.0, 17.0, 20.0, 19.0, 9.0, 12.0, 8.0, 6.0, 14.0]
[8.0, 11.0, 8.0, 7.5, 6.5, 8.0, 5.5, 6.5, 6.0, 8.0, 7.0, 7.5, 6.5, 7.5, 7.0, 11.0, 4.0, 8.5, 5.0, 7.0, 7.5, 8.5, 5.5, 6.5, 7.0, 6.0, 7.0, 6.5, 6.0, 8.5, 5.5, 4.5, 7.0, 11.0, 5.0, 10.0, 8.0, 7.5, 7.0, 10.0, 7.0, 9.5, 6.5, 6.0, 8.0, 8.0, 10.5, 3.5, 8.0, 7.5, 5.5, 9.0, 5.0, 8.0, 3.5, 9.5, 8.0, 11.0, 5.5, 8.5, 5.5, 8.5, 4.0, 7.0, 8.5, 6.5, 6.5, 5.0, 5.5, 7.5, 5.5, 8.0, 9.5, 8.0, 10.5, 9.5, 5.5, 11.0, 10.5, 3.5, 6.5, 9.0, 8.5, 7.0, 6.5, 6.5, 7.5, 4.5, 7.5, 11.5, 7.5, 10.0, 8.5, 4.5, 6.0, 7.5, 7.0, 5.0, 5.5, 2.5, 8.0, 4.5, 10.5, 4.0, 8.0, 4.0, 4.0, 6.5, 8.5, 9.0, 5.0, 8.0, 7.0, 6.5, 6.5, 6.0, 5.5, 7.5, 8.5, 8.0, 6.5, 7.5, 6.5, 6.0, 7.5, 2.5, 5.0, 7.5, 6.5, 7.0, 7.5, 4.0, 6.0, 8.0, 4.0, 5.0, 8.5, 12.0, 5.5, 7.5, 5.5, 6.5, 5.5, 8.0, 7.0, 7.0, 5.5, 10.5, 9.5, 7.5, 4.5, 3.5, 2.0, 3.5, 9.5, 7.0, 7.0, 12.0, 8.5, 6.0, 6.0, 7.0, 7.5, 7.0, 4.0, 5.5, 6.5, 5.0, 6.5, 10.5, 5.5, 8.5, 4.0, 8.5, 6.5, 4.0, 6.5, 7.0, 9.0, 5.5, 8.0, 5.5, 8.0, 9.5, 9.5, 4.0, 7.5, 6.5, 5.5, 7.0, 6.0, 5.5, 9.5, 8.5, 3.0, 8.0, 9.5, 7.0, 5.5, 8.5, 6.0, 7.0, 9.0, 7.0, 5.5, 12.0, 9.0, 9.5, 10.5, 8.0, 8.5, 6.0, 6.0, 8.5, 5.5, 7.5, 5.5, 7.0, 7.5, 9.5, 4.0, 8.5, 7.5, 7.0, 8.5, 7.0, 6.0, 7.0, 4.5, 8.0, 9.0, 9.0, 11.0, 7.0, 6.0, 5.0, 7.0, 6.5, 7.5, 7.0, 4.0, 8.0, 9.0, 6.5, 4.0, 6.5, 5.5, 6.0, 8.5, 10.0, 9.5, 4.5, 6.0, 4.0, 3.0, 7.0]
[4.242640687119285, 2.8284271247461903, 1.4142135623730951, 3.5355339059327378, 0.7071067811865476, 1.4142135623730951, 2.1213203435596424, 4.949747468305833, 2.8284271247461903, 2.8284271247461903, 5.656854249492381, 2.1213203435596424, 3.5355339059327378, 2.1213203435596424, 2.8284271247461903, 1.4142135623730951, 0.7071067811865476, 2.8284271247461903, 2.8284271247461903, 0.7071067811865476, 2.1213203435596424, 2.1213203435596424, 2.1213203435596424, 2.8284271247461903, 2.8284271247461903, 2.1213203435596424, 1.4142135623730951, 0.7071067811865476, 2.1213203435596424, 0.7071067811865476, 1.4142135623730951, 2.8284271247461903, 1.4142135623730951, 1.4142135623730951, 5.656854249492381, 0.7071067811865476, 4.242640687119285, 2.8284271247461903, 0.7071067811865476, 0.7071067811865476, 1.4142135623730951, 5.656854249492381, 4.242640687119285, 2.1213203435596424, 2.1213203435596424, 4.949747468305833, 3.5355339059327378, 1.4142135623730951, 4.242640687119285, 0.7071067811865476, 2.1213203435596424, 1.4142135623730951, 1.4142135623730951, 0.7071067811865476, 2.1213203435596424, 2.1213203435596424, 0.7071067811865476, 4.242640687119285, 7.0710678118654755, 0.7071067811865476, 3.5355339059327378, 2.1213203435596424, 0.7071067811865476, 2.1213203435596424, 0.7071067811865476, 3.5355339059327378, 0.7071067811865476, 0.7071067811865476, 6.363961030678928, 5.656854249492381, 3.5355339059327378, 2.1213203435596424, 0.7071067811865476, 2.8284271247461903, 0.7071067811865476, 2.8284271247461903, 0.7071067811865476, 0.7071067811865476, 2.1213203435596424, 2.1213203435596424, 0.7071067811865476, 0.7071067811865476, 2.1213203435596424, 1.4142135623730951, 3.5355339059327378, 0.7071067811865476, 5.656854249492381, 2.1213203435596424, 1.4142135623730951, 1.4142135623730951, 2.1213203435596424, 0.7071067811865476, 1.4142135623730951, 2.1213203435596424, 0.7071067811865476, 2.8284271247461903, 1.4142135623730951, 2.8284271247461903, 0.7071067811865476, 0.7071067811865476, 2.8284271247461903, 1.4142135623730951, 1.4142135623730951, 2.8284271247461903, 0.7071067811865476, 0.7071067811865476, 4.242640687119285, 0.7071067811865476, 0.7071067811865476, 0.7071067811865476, 0.7071067811865476, 3.5355339059327378, 3.5355339059327378, 1.4142135623730951, 0.7071067811865476, 2.1213203435596424, 0.7071067811865476, 2.1213203435596424, 4.242640687119285, 0.7071067811865476, 1.4142135623730951, 1.4142135623730951, 1.4142135623730951, 1.4142135623730951, 2.8284271247461903, 2.1213203435596424, 1.4142135623730951, 0.7071067811865476, 0.7071067811865476, 0.7071067811865476, 2.1213203435596424, 0.7071067811865476, 7.0710678118654755, 1.4142135623730951, 1.4142135623730951, 0.7071067811865476, 2.1213203435596424, 0.7071067811865476, 3.5355339059327378, 0.7071067811865476, 0.7071067811865476, 1.4142135623730951, 2.1213203435596424, 3.5355339059327378, 1.4142135623730951, 2.8284271247461903, 1.4142135623730951, 2.1213203435596424, 2.8284271247461903, 1.4142135623730951, 0.7071067811865476, 2.8284271247461903, 4.949747468305833, 3.5355339059327378, 2.1213203435596424, 0.7071067811865476, 3.5355339059327378, 2.1213203435596424, 4.242640687119285, 2.1213203435596424, 0.7071067811865476, 0.7071067811865476, 4.242640687119285, 4.242640687119285, 0.7071067811865476, 1.4142135623730951, 2.1213203435596424, 1.4142135623730951, 0.7071067811865476, 3.5355339059327378, 2.8284271247461903, 2.1213203435596424, 4.949747468305833, 0.7071067811865476, 1.4142135623730951, 0.7071067811865476, 4.949747468305833, 7.7781745930520225, 1.4142135623730951, 4.242640687119285, 0.7071067811865476, 3.5355339059327378, 0.7071067811865476, 2.8284271247461903, 1.4142135623730951, 2.1213203435596424, 2.8284271247461903, 1.4142135623730951, 0.7071067811865476, 0.7071067811865476, 2.8284271247461903, 0.7071067811865476, 1.4142135623730951, 0.7071067811865476, 0.7071067811865476, 3.5355339059327378, 0.7071067811865476, 0.7071067811865476, 3.5355339059327378, 2.8284271247461903, 0.7071067811865476, 0.7071067811865476, 2.8284271247461903, 2.1213203435596424, 1.4142135623730951, 2.8284271247461903, 2.1213203435596424, 2.8284271247461903, 2.8284271247461903, 4.242640687119285, 2.8284271247461903, 1.4142135623730951, 1.4142135623730951, 1.4142135623730951, 0.7071067811865476, 4.949747468305833, 1.4142135623730951, 1.4142135623730951, 1.4142135623730951, 2.8284271247461903, 4.949747468305833, 1.4142135623730951, 3.5355339059327378, 6.363961030678928, 1.4142135623730951, 2.1213203435596424, 4.242640687119285, 0.7071067811865476, 2.1213203435596424, 2.8284271247461903, 1.4142135623730951]
[146.0, 250.0, 130.0, 125.0, 85.0, 130.0, 65.0, 109.0, 80.0, 136.0, 130.0, 117.0, 97.0, 117.0, 106.0, 244.0, 32.0, 145.0, 58.0, 106.0, 113.0, 149.0, 65.0, 89.0, 98.0, 80.0, 106.0, 89.0, 74.0, 145.0, 65.0, 41.0, 100.0, 250.0, 52.0, 202.0, 160.0, 113.0, 98.0, 218.0, 106.0, 181.0, 85.0, 74.0, 160.0, 146.0, 225.0, 29.0, 128.0, 137.0, 73.0, 164.0, 68.0, 128.0, 25.0, 185.0, 130.0, 244.0, 61.0, 149.0, 65.0, 145.0, 50.0, 148.0, 145.0, 97.0, 89.0, 50.0, 61.0, 117.0, 61.0, 128.0, 193.0, 128.0, 221.0, 181.0, 101.0, 274.0, 233.0, 29.0, 85.0, 170.0, 145.0, 106.0, 85.0, 85.0, 117.0, 45.0, 113.0, 265.0, 117.0, 202.0, 157.0, 41.0, 104.0, 117.0, 100.0, 52.0, 65.0, 13.0, 130.0, 45.0, 221.0, 40.0, 128.0, 34.0, 40.0, 85.0, 145.0, 170.0, 52.0, 130.0, 106.0, 85.0, 85.0, 90.0, 61.0, 113.0, 145.0, 128.0, 85.0, 125.0, 97.0, 74.0, 113.0, 17.0, 50.0, 113.0, 89.0, 116.0, 113.0, 34.0, 74.0, 130.0, 34.0, 58.0, 149.0, 290.0, 61.0, 113.0, 61.0, 89.0, 61.0, 178.0, 100.0, 100.0, 61.0, 225.0, 181.0, 125.0, 41.0, 25.0, 10.0, 29.0, 193.0, 100.0, 106.0, 290.0, 149.0, 72.0, 80.0, 100.0, 113.0, 98.0, 40.0, 85.0, 97.0, 50.0, 89.0, 221.0, 73.0, 149.0, 50.0, 149.0, 85.0, 32.0, 85.0, 116.0, 180.0, 61.0, 130.0, 65.0, 130.0, 181.0, 193.0, 40.0, 117.0, 109.0, 61.0, 98.0, 74.0, 61.0, 205.0, 205.0, 20.0, 146.0, 181.0, 98.0, 73.0, 145.0, 80.0, 100.0, 162.0, 98.0, 65.0, 296.0, 164.0, 181.0, 221.0, 136.0, 145.0, 74.0, 72.0, 145.0, 61.0, 125.0, 61.0, 98.0, 113.0, 193.0, 40.0, 145.0, 113.0, 106.0, 149.0, 100.0, 72.0, 106.0, 45.0, 136.0, 170.0, 180.0, 250.0, 100.0, 74.0, 52.0, 98.0, 85.0, 137.0, 100.0, 34.0, 130.0, 170.0, 109.0, 34.0, 97.0, 101.0, 74.0, 149.0, 218.0, 181.0, 45.0, 72.0, 40.0, 20.0, 98.0]
Total time of training dataset : 0 hour 0 minutes 0 seconds
1) Training Dataset
2) Sniffer Testing
3) Pcap Testing
Type(1 or 2 or 3): ?
